1 29.28
2 40.68
3 46.96
4 50.38
5 54.37
6 56.08
7 63.31
8 63.88
9 65.02
10 65.21
12 65.4
13 70.34
14 73.38
15 74.71
16 75.1
18 76.24
19 76.43
20 77.0
23 77.38
25 82.32
26 82.89
27 83.46
28 83.84
29 84.6
30 84.98
31 85.17
32 85.74
38 86.31
39 86.69
43 87.07
44 87.26
47 87.64
48 87.83
49 88.02
51 88.21
52 88.4
54 88.59
55 88.78
56 88.97
57 89.16
58 89.35
60 89.54
61 89.73
63 90.11
64 90.49
65 90.87
66 91.06
71 91.25
73 91.44
89 91.63
99 91.83
108 92.02
111 92.21
113 92.4
117 92.59
119 92.78
121 92.97
122 93.35
126 93.54
128 93.73
130 93.92
134 94.3
137 94.87
138 95.25
141 95.44
142 95.63
143 95.82
145 96.58
146 97.72
147 100.0
