1 56.84
2 61.98
3 62.36
4 62.55
5 64.64
6 65.78
7 66.16
8 66.92
9 68.06
11 69.77
12 70.91
13 71.1
14 71.67
15 73.19
16 74.33
17 74.71
18 75.1
19 75.29
20 75.48
21 76.43
23 76.62
24 76.81
25 77.38
26 77.57
27 77.95
28 78.14
29 78.52
30 78.9
31 79.28
32 79.85
33 80.04
34 81.18
35 81.75
36 82.13
37 82.32
38 82.51
40 82.89
42 83.08
43 83.46
44 84.03
45 84.22
46 84.41
47 84.6
48 85.17
50 85.36
51 85.55
52 85.93
54 86.5
55 86.69
56 87.07
58 87.26
61 87.45
62 87.64
63 87.83
64 88.21
65 88.4
66 88.59
67 88.97
68 89.16
70 89.35
72 89.73
73 90.11
74 90.49
76 90.68
80 90.87
82 91.06
84 91.25
85 91.44
88 91.63
93 91.83
102 92.02
112 92.21
113 92.59
114 92.78
115 92.97
116 93.16
117 93.54
118 93.92
119 94.68
120 95.06
121 95.25
122 96.2
123 96.39
125 96.58
132 96.77
133 96.96
134 97.15
135 97.34
136 97.53
137 97.72
138 97.91
139 98.29
141 99.05
142 99.24
143 99.62
144 99.81
145 100.0
