1000000 1 1
2000000 2 1
3000000 3 1
4000000 4 1
5000000 5 1
6000000 3 1
7000000 7 1
8000000 8 1
10000000 5 2
11000000 6 1
12000000 9 2
13000000 13 1
14000000 14 1
15000000 13 2
18000000 1 1
20000000 1 16
23000000 23 1
24000000 1 21
25000000 25 1
26000000 26 1
27000000 25 1
28000000 25 1
29000000 20 8
30000000 18 6
32000000 4 1
33000000 1 28
38000000 1 16
39000000 1 31
40000000 2 17
41000000 1 34
42000000 2 11
43000000 1 32
44000000 2 12
46000000 2 1
47000000 1 33
48000000 2 1
49000000 1 37
50000000 2 1
51000000 1 40
52000000 1 38
56000000 1 42
59000000 1 34
61000000 1 36
62000000 2 25
64000000 1 51
65000000 1 50
68000000 1 43
69000000 1 48
72000000 1 52
73000000 1 56
77000000 1 54
79000000 1 18
82000000 2 1
88000000 2 32
90000000 2 1
92000000 2 1
94000000 2 1
95000000 19 5
102000000 2 1
104000000 2 1
110000000 38 15
116000000 4 29
128000000 4 1
136000000 4 15
137000000 137 1
141000000 1 35
146000000 73 1
149000000 1 48
152000000 2 1
159000000 3 1
160000000 16 2
165000000 3 1
170000000 1 31
176000000 1 36
180000000 6 5
184000000 1 23
186000000 3 1
189000000 3 1
192000000 3 1
195000000 3 64
200000000 1 35
204000000 1 54
208000000 1 29
222000000 2 1
236000000 2 1
246000000 2 1
276000000 2 1
290000000 1 44
294000000 2 21
300000000 15 5
308000000 28 9
350000000 14 5
360000000 15 4
374000000 1 27
375000000 15 5
423000000 1 1
435000000 29 9
448000000 32 14
470000000 5 2
583000000 1 1
638000000 1 1
648000000 8 3
674000000 1 24
780000000 12 15
812000000 14 1
832000000 39 21
837000000 3 1
1160000000 58 20
1180000000 4 1
1189000000 1 45
1196000000 23 52
1220000000 61 18
1935000000 15 15
2000000000 10 3
2058000000 147 14
2251000000 1 26
2457000000 63 19
2816000000 44 64
2900000000 29 9
2912000000 26 16
2916000000 27 8
2996000000 28 9
3024000000 54 55
3051000000 113 27
3053000000 43 68
3132000000 29 9
3304000000 56 58
3316000000 2 122
3350000000 134 25
3478000000 47 72
3724000000 49 74
3900000000 60 63
3968000000 64 61
4095000000 65 62
4108000000 52 56
4152000000 2 112
4212000000 13 14
4224000000 64 65
4275000000 57 73
4284000000 63 67
4356000000 99 44
4420000000 65 67
4608000000 32 9
5106000000 111 46
5117000000 119 43
5193000000 3 122
5396000000 71 74
5544000000 126 44
5687000000 121 47
5805000000 15 15
6270000000 30 15
6348000000 3 121
7172000000 4 122
7540000000 13 137
8540000000 122 70
9800000000 7 7
9889000000 31 13
10344000000 6 7
10585000000 145 66
11268000000 4 119
11316000000 138 82
11895000000 3 120
12635000000 5 120
12716000000 4 123
13110000000 138 84
13320000000 30 11
13473000000 27 11
14210000000 5 113
14780000000 4 115
19176000000 141 93
19272000000 146 132
19551000000 147 133
19698000000 147 134
19710000000 146 135
19992000000 147 136
22236000000 51 30
23010000000 130 102
23738000000 143 54
23975000000 137 73
24679000000 29 16
26172000000 9 122
28134000000 6 113
30956000000 142 88
35868000000 122 141
36816000000 48 143
52668000000 66 35
60075000000 89 40
68474000000 134 80
79968000000 147 30
83565000000 27 116
84032000000 16 119
182208000000 146 76
193792000000 32 117
254474000000 43 118
313632000000 108 85
360085000000 55 119
416768000000 128 119
551425000000 137 125
764829000000 117 114
955424000000 146 141
1027089000000 147 138
1218870000000 145 122
1302567000000 147 139
1452801000000 147 141
1530564000000 147 144
1557820000000 146 142
1618764000000 147 139
1676241000000 147 141
2009343000000 147 143
3442680000000 146 145
4999600000000 145 118
8501205000000 145 117
