42000000 0.0
43000000 1.89
44000000 13.21
46000000 15.09
47000000 16.98
48000000 24.53
49000000 26.42
50000000 33.96
51000000 35.85
52000000 37.74
56000000 39.62
59000000 47.17
61000000 49.06
62000000 52.83
64000000 54.72
65000000 56.6
68000000 58.49
69000000 62.26
72000000 64.15
73000000 66.04
77000000 67.92
79000000 69.81
82000000 71.7
88000000 75.47
90000000 77.36
92000000 79.25
94000000 81.13
95000000 83.02
102000000 84.91
104000000 86.79
110000000 92.45
116000000 94.34
128000000 96.23
136000000 98.11
137000000 100.0
