137000000 0.0
141000000 1.92
146000000 3.84
149000000 5.76
152000000 7.68
159000000 9.61
160000000 11.53
165000000 13.45
170000000 15.37
176000000 17.29
180000000 26.9
184000000 28.82
186000000 30.74
189000000 34.58
192000000 36.5
195000000 38.42
200000000 40.34
204000000 42.26
208000000 44.19
222000000 46.11
236000000 48.03
246000000 50.05
276000000 51.97
290000000 53.89
294000000 57.74
300000000 63.5
308000000 65.42
350000000 67.34
360000000 69.26
374000000 71.18
375000000 73.1
423000000 75.03
435000000 76.95
448000000 78.87
470000000 80.79
583000000 82.71
638000000 84.63
648000000 86.55
674000000 88.47
780000000 90.39
812000000 92.32
832000000 96.16
837000000 98.08
1160000000 100.0
