0.0 0.0
1.0701 0.0020
4.0701 0.0100
8.9299 0.0200
12.0701 0.0301
13.0701 0.0401
16.0701 0.0501
18.0701 0.0601
21.0701 0.0701
25.0701 0.0802
33.0701 0.0902
35.9299 0.1002
38.9299 0.1102
44.0701 0.1202
49.0701 0.1303
54.0701 0.1403
56.0701 0.1503
59.9299 0.1603
69.0701 0.1703
72.9299 0.1804
76.9299 0.1904
82.0701 0.2004
88.0701 0.2104
93.9299 0.2204
99.0701 0.2305
104.0701 0.2405
108.0701 0.2505
110.9299 0.2605
115.0701 0.2705
117.0701 0.2806
120.0701 0.2906
124.0701 0.3006
131.0701 0.3106
134.9299 0.3206
137.0701 0.3307
139.0701 0.3407
141.0701 0.3507
143.0701 0.3607
148.0701 0.3707
151.9299 0.3808
153.0701 0.3908
156.0701 0.4008
160.9299 0.4108
162.0701 0.4208
165.9299 0.4309
166.0701 0.4409
169.0701 0.4509
169.9299 0.4609
172.0701 0.4709
175.0701 0.4810
178.0701 0.4910
181.9299 0.4990
184.0701 0.5090
188.0701 0.5190
192.0701 0.5291
194.0701 0.5391
195.0701 0.5491
197.0701 0.5591
201.0701 0.5691
203.9299 0.5792
204.9299 0.5892
207.0701 0.5992
210.9299 0.6092
213.0701 0.6192
216.0701 0.6293
218.0701 0.6393
220.0701 0.6493
221.9299 0.6593
228.0701 0.6693
230.0701 0.6794
232.0701 0.6894
237.0701 0.6994
239.9299 0.7094
243.9299 0.7194
250.0701 0.7295
254.0701 0.7395
258.9299 0.7495
266.0701 0.7595
268.9299 0.7695
275.9299 0.7796
281.9299 0.7896
286.0701 0.7996
292.9299 0.8096
300.0701 0.8196
304.9299 0.8297
306.9299 0.8397
311.9299 0.8497
319.9299 0.8597
325.9299 0.8697
331.9299 0.8798
339.9299 0.8898
352.9299 0.8998
370.9299 0.9098
380.0701 0.9198
396.0701 0.9299
407.9299 0.9399
442.0701 0.9499
454.9299 0.9599
466.9299 0.9699
485.0701 0.9800
526.9299 0.9900
540.9299 0.9920
540.9299 0.9920
540.9299 0.9920
597.9299 0.9940
597.9299 0.9940
727.9299 0.9960
727.9299 0.9960
803.9299 0.9980
803.9299 0.9980
875.9299 1.0000
