612 180 1296
432 433 434 435 436 437 438 439 440 441 442 443 444 445 446 447 448 449 450 451 452 453 454 455 456 457 458 459 460 461 462 463 464 465 466 467 468 469 470 471 472 473 474 475 476 477 478 479 480 481 482 483 484 485 486 487 488 489 490 491 492 493 494 495 496 497 498 499 500 501 502 503 504 505 506 507 508 509 510 511 512 513 514 515 516 517 518 519 520 521 522 523 524 525 526 527 528 529 530 531 532 533 534 535 536 537 538 539 540 541 542 543 544 545 546 547 548 549 550 551 552 553 554 555 556 557 558 559 560 561 562 563 564 565 566 567 568 569 570 571 572 573 574 575 576 577 578 579 580 581 582 583 584 585 586 587 588 589 590 591 592 593 594 595 596 597 598 599 600 601 602 603 604 605 606 607 608 609 610 611 
0 432 0
1 432 0
2 432 0
3 432 0
4 432 0
5 432 0
6 433 0
7 433 0
8 433 0
9 433 0
10 433 0
11 433 0
12 434 0
13 434 0
14 434 0
15 434 0
16 434 0
17 434 0
18 435 0
19 435 0
20 435 0
21 435 0
22 435 0
23 435 0
24 436 0
25 436 0
26 436 0
27 436 0
28 436 0
29 436 0
30 437 0
31 437 0
32 437 0
33 437 0
34 437 0
35 437 0
36 438 0
37 438 0
38 438 0
39 438 0
40 438 0
41 438 0
42 439 0
43 439 0
44 439 0
45 439 0
46 439 0
47 439 0
48 440 0
49 440 0
50 440 0
51 440 0
52 440 0
53 440 0
54 441 0
55 441 0
56 441 0
57 441 0
58 441 0
59 441 0
60 442 0
61 442 0
62 442 0
63 442 0
64 442 0
65 442 0
66 443 0
67 443 0
68 443 0
69 443 0
70 443 0
71 443 0
72 444 0
73 444 0
74 444 0
75 444 0
76 444 0
77 444 0
78 445 0
79 445 0
80 445 0
81 445 0
82 445 0
83 445 0
84 446 0
85 446 0
86 446 0
87 446 0
88 446 0
89 446 0
90 447 0
91 447 0
92 447 0
93 447 0
94 447 0
95 447 0
96 448 0
97 448 0
98 448 0
99 448 0
100 448 0
101 448 0
102 449 0
103 449 0
104 449 0
105 449 0
106 449 0
107 449 0
108 450 0
109 450 0
110 450 0
111 450 0
112 450 0
113 450 0
114 451 0
115 451 0
116 451 0
117 451 0
118 451 0
119 451 0
120 452 0
121 452 0
122 452 0
123 452 0
124 452 0
125 452 0
126 453 0
127 453 0
128 453 0
129 453 0
130 453 0
131 453 0
132 454 0
133 454 0
134 454 0
135 454 0
136 454 0
137 454 0
138 455 0
139 455 0
140 455 0
141 455 0
142 455 0
143 455 0
144 456 0
145 456 0
146 456 0
147 456 0
148 456 0
149 456 0
150 457 0
151 457 0
152 457 0
153 457 0
154 457 0
155 457 0
156 458 0
157 458 0
158 458 0
159 458 0
160 458 0
161 458 0
162 459 0
163 459 0
164 459 0
165 459 0
166 459 0
167 459 0
168 460 0
169 460 0
170 460 0
171 460 0
172 460 0
173 460 0
174 461 0
175 461 0
176 461 0
177 461 0
178 461 0
179 461 0
180 462 0
181 462 0
182 462 0
183 462 0
184 462 0
185 462 0
186 463 0
187 463 0
188 463 0
189 463 0
190 463 0
191 463 0
192 464 0
193 464 0
194 464 0
195 464 0
196 464 0
197 464 0
198 465 0
199 465 0
200 465 0
201 465 0
202 465 0
203 465 0
204 466 0
205 466 0
206 466 0
207 466 0
208 466 0
209 466 0
210 467 0
211 467 0
212 467 0
213 467 0
214 467 0
215 467 0
216 468 0
217 468 0
218 468 0
219 468 0
220 468 0
221 468 0
222 469 0
223 469 0
224 469 0
225 469 0
226 469 0
227 469 0
228 470 0
229 470 0
230 470 0
231 470 0
232 470 0
233 470 0
234 471 0
235 471 0
236 471 0
237 471 0
238 471 0
239 471 0
240 472 0
241 472 0
242 472 0
243 472 0
244 472 0
245 472 0
246 473 0
247 473 0
248 473 0
249 473 0
250 473 0
251 473 0
252 474 0
253 474 0
254 474 0
255 474 0
256 474 0
257 474 0
258 475 0
259 475 0
260 475 0
261 475 0
262 475 0
263 475 0
264 476 0
265 476 0
266 476 0
267 476 0
268 476 0
269 476 0
270 477 0
271 477 0
272 477 0
273 477 0
274 477 0
275 477 0
276 478 0
277 478 0
278 478 0
279 478 0
280 478 0
281 478 0
282 479 0
283 479 0
284 479 0
285 479 0
286 479 0
287 479 0
288 480 0
289 480 0
290 480 0
291 480 0
292 480 0
293 480 0
294 481 0
295 481 0
296 481 0
297 481 0
298 481 0
299 481 0
300 482 0
301 482 0
302 482 0
303 482 0
304 482 0
305 482 0
306 483 0
307 483 0
308 483 0
309 483 0
310 483 0
311 483 0
312 484 0
313 484 0
314 484 0
315 484 0
316 484 0
317 484 0
318 485 0
319 485 0
320 485 0
321 485 0
322 485 0
323 485 0
324 486 0
325 486 0
326 486 0
327 486 0
328 486 0
329 486 0
330 487 0
331 487 0
332 487 0
333 487 0
334 487 0
335 487 0
336 488 0
337 488 0
338 488 0
339 488 0
340 488 0
341 488 0
342 489 0
343 489 0
344 489 0
345 489 0
346 489 0
347 489 0
348 490 0
349 490 0
350 490 0
351 490 0
352 490 0
353 490 0
354 491 0
355 491 0
356 491 0
357 491 0
358 491 0
359 491 0
360 492 0
361 492 0
362 492 0
363 492 0
364 492 0
365 492 0
366 493 0
367 493 0
368 493 0
369 493 0
370 493 0
371 493 0
372 494 0
373 494 0
374 494 0
375 494 0
376 494 0
377 494 0
378 495 0
379 495 0
380 495 0
381 495 0
382 495 0
383 495 0
384 496 0
385 496 0
386 496 0
387 496 0
388 496 0
389 496 0
390 497 0
391 497 0
392 497 0
393 497 0
394 497 0
395 497 0
396 498 0
397 498 0
398 498 0
399 498 0
400 498 0
401 498 0
402 499 0
403 499 0
404 499 0
405 499 0
406 499 0
407 499 0
408 500 0
409 500 0
410 500 0
411 500 0
412 500 0
413 500 0
414 501 0
415 501 0
416 501 0
417 501 0
418 501 0
419 501 0
420 502 0
421 502 0
422 502 0
423 502 0
424 502 0
425 502 0
426 503 0
427 503 0
428 503 0
429 503 0
430 503 0
431 503 0
432 504 0
432 505 0
432 506 0
432 507 0
432 508 0
432 509 0
433 504 0
433 505 0
433 506 0
433 507 0
433 508 0
433 509 0
434 504 0
434 505 0
434 506 0
434 507 0
434 508 0
434 509 0
435 504 0
435 505 0
435 506 0
435 507 0
435 508 0
435 509 0
436 504 0
436 505 0
436 506 0
436 507 0
436 508 0
436 509 0
437 504 0
437 505 0
437 506 0
437 507 0
437 508 0
437 509 0
438 510 0
438 511 0
438 512 0
438 513 0
438 514 0
438 515 0
439 510 0
439 511 0
439 512 0
439 513 0
439 514 0
439 515 0
440 510 0
440 511 0
440 512 0
440 513 0
440 514 0
440 515 0
441 510 0
441 511 0
441 512 0
441 513 0
441 514 0
441 515 0
442 510 0
442 511 0
442 512 0
442 513 0
442 514 0
442 515 0
443 510 0
443 511 0
443 512 0
443 513 0
443 514 0
443 515 0
444 516 0
444 517 0
444 518 0
444 519 0
444 520 0
444 521 0
445 516 0
445 517 0
445 518 0
445 519 0
445 520 0
445 521 0
446 516 0
446 517 0
446 518 0
446 519 0
446 520 0
446 521 0
447 516 0
447 517 0
447 518 0
447 519 0
447 520 0
447 521 0
448 516 0
448 517 0
448 518 0
448 519 0
448 520 0
448 521 0
449 516 0
449 517 0
449 518 0
449 519 0
449 520 0
449 521 0
450 522 0
450 523 0
450 524 0
450 525 0
450 526 0
450 527 0
451 522 0
451 523 0
451 524 0
451 525 0
451 526 0
451 527 0
452 522 0
452 523 0
452 524 0
452 525 0
452 526 0
452 527 0
453 522 0
453 523 0
453 524 0
453 525 0
453 526 0
453 527 0
454 522 0
454 523 0
454 524 0
454 525 0
454 526 0
454 527 0
455 522 0
455 523 0
455 524 0
455 525 0
455 526 0
455 527 0
456 528 0
456 529 0
456 530 0
456 531 0
456 532 0
456 533 0
457 528 0
457 529 0
457 530 0
457 531 0
457 532 0
457 533 0
458 528 0
458 529 0
458 530 0
458 531 0
458 532 0
458 533 0
459 528 0
459 529 0
459 530 0
459 531 0
459 532 0
459 533 0
460 528 0
460 529 0
460 530 0
460 531 0
460 532 0
460 533 0
461 528 0
461 529 0
461 530 0
461 531 0
461 532 0
461 533 0
462 534 0
462 535 0
462 536 0
462 537 0
462 538 0
462 539 0
463 534 0
463 535 0
463 536 0
463 537 0
463 538 0
463 539 0
464 534 0
464 535 0
464 536 0
464 537 0
464 538 0
464 539 0
465 534 0
465 535 0
465 536 0
465 537 0
465 538 0
465 539 0
466 534 0
466 535 0
466 536 0
466 537 0
466 538 0
466 539 0
467 534 0
467 535 0
467 536 0
467 537 0
467 538 0
467 539 0
468 540 0
468 541 0
468 542 0
468 543 0
468 544 0
468 545 0
469 540 0
469 541 0
469 542 0
469 543 0
469 544 0
469 545 0
470 540 0
470 541 0
470 542 0
470 543 0
470 544 0
470 545 0
471 540 0
471 541 0
471 542 0
471 543 0
471 544 0
471 545 0
472 540 0
472 541 0
472 542 0
472 543 0
472 544 0
472 545 0
473 540 0
473 541 0
473 542 0
473 543 0
473 544 0
473 545 0
474 546 0
474 547 0
474 548 0
474 549 0
474 550 0
474 551 0
475 546 0
475 547 0
475 548 0
475 549 0
475 550 0
475 551 0
476 546 0
476 547 0
476 548 0
476 549 0
476 550 0
476 551 0
477 546 0
477 547 0
477 548 0
477 549 0
477 550 0
477 551 0
478 546 0
478 547 0
478 548 0
478 549 0
478 550 0
478 551 0
479 546 0
479 547 0
479 548 0
479 549 0
479 550 0
479 551 0
480 552 0
480 553 0
480 554 0
480 555 0
480 556 0
480 557 0
481 552 0
481 553 0
481 554 0
481 555 0
481 556 0
481 557 0
482 552 0
482 553 0
482 554 0
482 555 0
482 556 0
482 557 0
483 552 0
483 553 0
483 554 0
483 555 0
483 556 0
483 557 0
484 552 0
484 553 0
484 554 0
484 555 0
484 556 0
484 557 0
485 552 0
485 553 0
485 554 0
485 555 0
485 556 0
485 557 0
486 558 0
486 559 0
486 560 0
486 561 0
486 562 0
486 563 0
487 558 0
487 559 0
487 560 0
487 561 0
487 562 0
487 563 0
488 558 0
488 559 0
488 560 0
488 561 0
488 562 0
488 563 0
489 558 0
489 559 0
489 560 0
489 561 0
489 562 0
489 563 0
490 558 0
490 559 0
490 560 0
490 561 0
490 562 0
490 563 0
491 558 0
491 559 0
491 560 0
491 561 0
491 562 0
491 563 0
492 564 0
492 565 0
492 566 0
492 567 0
492 568 0
492 569 0
493 564 0
493 565 0
493 566 0
493 567 0
493 568 0
493 569 0
494 564 0
494 565 0
494 566 0
494 567 0
494 568 0
494 569 0
495 564 0
495 565 0
495 566 0
495 567 0
495 568 0
495 569 0
496 564 0
496 565 0
496 566 0
496 567 0
496 568 0
496 569 0
497 564 0
497 565 0
497 566 0
497 567 0
497 568 0
497 569 0
498 570 0
498 571 0
498 572 0
498 573 0
498 574 0
498 575 0
499 570 0
499 571 0
499 572 0
499 573 0
499 574 0
499 575 0
500 570 0
500 571 0
500 572 0
500 573 0
500 574 0
500 575 0
501 570 0
501 571 0
501 572 0
501 573 0
501 574 0
501 575 0
502 570 0
502 571 0
502 572 0
502 573 0
502 574 0
502 575 0
503 570 0
503 571 0
503 572 0
503 573 0
503 574 0
503 575 0
504 576 0
504 577 0
504 578 0
504 579 0
504 580 0
504 581 0
505 582 0
505 583 0
505 584 0
505 585 0
505 586 0
505 587 0
506 588 0
506 589 0
506 590 0
506 591 0
506 592 0
506 593 0
507 594 0
507 595 0
507 596 0
507 597 0
507 598 0
507 599 0
508 600 0
508 601 0
508 602 0
508 603 0
508 604 0
508 605 0
509 606 0
509 607 0
509 608 0
509 609 0
509 610 0
509 611 0
510 576 0
510 577 0
510 578 0
510 579 0
510 580 0
510 581 0
511 582 0
511 583 0
511 584 0
511 585 0
511 586 0
511 587 0
512 588 0
512 589 0
512 590 0
512 591 0
512 592 0
512 593 0
513 594 0
513 595 0
513 596 0
513 597 0
513 598 0
513 599 0
514 600 0
514 601 0
514 602 0
514 603 0
514 604 0
514 605 0
515 606 0
515 607 0
515 608 0
515 609 0
515 610 0
515 611 0
516 576 0
516 577 0
516 578 0
516 579 0
516 580 0
516 581 0
517 582 0
517 583 0
517 584 0
517 585 0
517 586 0
517 587 0
518 588 0
518 589 0
518 590 0
518 591 0
518 592 0
518 593 0
519 594 0
519 595 0
519 596 0
519 597 0
519 598 0
519 599 0
520 600 0
520 601 0
520 602 0
520 603 0
520 604 0
520 605 0
521 606 0
521 607 0
521 608 0
521 609 0
521 610 0
521 611 0
522 576 0
522 577 0
522 578 0
522 579 0
522 580 0
522 581 0
523 582 0
523 583 0
523 584 0
523 585 0
523 586 0
523 587 0
524 588 0
524 589 0
524 590 0
524 591 0
524 592 0
524 593 0
525 594 0
525 595 0
525 596 0
525 597 0
525 598 0
525 599 0
526 600 0
526 601 0
526 602 0
526 603 0
526 604 0
526 605 0
527 606 0
527 607 0
527 608 0
527 609 0
527 610 0
527 611 0
528 576 0
528 577 0
528 578 0
528 579 0
528 580 0
528 581 0
529 582 0
529 583 0
529 584 0
529 585 0
529 586 0
529 587 0
530 588 0
530 589 0
530 590 0
530 591 0
530 592 0
530 593 0
531 594 0
531 595 0
531 596 0
531 597 0
531 598 0
531 599 0
532 600 0
532 601 0
532 602 0
532 603 0
532 604 0
532 605 0
533 606 0
533 607 0
533 608 0
533 609 0
533 610 0
533 611 0
534 576 0
534 577 0
534 578 0
534 579 0
534 580 0
534 581 0
535 582 0
535 583 0
535 584 0
535 585 0
535 586 0
535 587 0
536 588 0
536 589 0
536 590 0
536 591 0
536 592 0
536 593 0
537 594 0
537 595 0
537 596 0
537 597 0
537 598 0
537 599 0
538 600 0
538 601 0
538 602 0
538 603 0
538 604 0
538 605 0
539 606 0
539 607 0
539 608 0
539 609 0
539 610 0
539 611 0
540 576 0
540 577 0
540 578 0
540 579 0
540 580 0
540 581 0
541 582 0
541 583 0
541 584 0
541 585 0
541 586 0
541 587 0
542 588 0
542 589 0
542 590 0
542 591 0
542 592 0
542 593 0
543 594 0
543 595 0
543 596 0
543 597 0
543 598 0
543 599 0
544 600 0
544 601 0
544 602 0
544 603 0
544 604 0
544 605 0
545 606 0
545 607 0
545 608 0
545 609 0
545 610 0
545 611 0
546 576 0
546 577 0
546 578 0
546 579 0
546 580 0
546 581 0
547 582 0
547 583 0
547 584 0
547 585 0
547 586 0
547 587 0
548 588 0
548 589 0
548 590 0
548 591 0
548 592 0
548 593 0
549 594 0
549 595 0
549 596 0
549 597 0
549 598 0
549 599 0
550 600 0
550 601 0
550 602 0
550 603 0
550 604 0
550 605 0
551 606 0
551 607 0
551 608 0
551 609 0
551 610 0
551 611 0
552 576 0
552 577 0
552 578 0
552 579 0
552 580 0
552 581 0
553 582 0
553 583 0
553 584 0
553 585 0
553 586 0
553 587 0
554 588 0
554 589 0
554 590 0
554 591 0
554 592 0
554 593 0
555 594 0
555 595 0
555 596 0
555 597 0
555 598 0
555 599 0
556 600 0
556 601 0
556 602 0
556 603 0
556 604 0
556 605 0
557 606 0
557 607 0
557 608 0
557 609 0
557 610 0
557 611 0
558 576 0
558 577 0
558 578 0
558 579 0
558 580 0
558 581 0
559 582 0
559 583 0
559 584 0
559 585 0
559 586 0
559 587 0
560 588 0
560 589 0
560 590 0
560 591 0
560 592 0
560 593 0
561 594 0
561 595 0
561 596 0
561 597 0
561 598 0
561 599 0
562 600 0
562 601 0
562 602 0
562 603 0
562 604 0
562 605 0
563 606 0
563 607 0
563 608 0
563 609 0
563 610 0
563 611 0
564 576 0
564 577 0
564 578 0
564 579 0
564 580 0
564 581 0
565 582 0
565 583 0
565 584 0
565 585 0
565 586 0
565 587 0
566 588 0
566 589 0
566 590 0
566 591 0
566 592 0
566 593 0
567 594 0
567 595 0
567 596 0
567 597 0
567 598 0
567 599 0
568 600 0
568 601 0
568 602 0
568 603 0
568 604 0
568 605 0
569 606 0
569 607 0
569 608 0
569 609 0
569 610 0
569 611 0
570 576 0
570 577 0
570 578 0
570 579 0
570 580 0
570 581 0
571 582 0
571 583 0
571 584 0
571 585 0
571 586 0
571 587 0
572 588 0
572 589 0
572 590 0
572 591 0
572 592 0
572 593 0
573 594 0
573 595 0
573 596 0
573 597 0
573 598 0
573 599 0
574 600 0
574 601 0
574 602 0
574 603 0
574 604 0
574 605 0
575 606 0
575 607 0
575 608 0
575 609 0
575 610 0
575 611 0
