1344 320 3072
1024 1025 1026 1027 1028 1029 1030 1031 1032 1033 1034 1035 1036 1037 1038 1039 1040 1041 1042 1043 1044 1045 1046 1047 1048 1049 1050 1051 1052 1053 1054 1055 1056 1057 1058 1059 1060 1061 1062 1063 1064 1065 1066 1067 1068 1069 1070 1071 1072 1073 1074 1075 1076 1077 1078 1079 1080 1081 1082 1083 1084 1085 1086 1087 1088 1089 1090 1091 1092 1093 1094 1095 1096 1097 1098 1099 1100 1101 1102 1103 1104 1105 1106 1107 1108 1109 1110 1111 1112 1113 1114 1115 1116 1117 1118 1119 1120 1121 1122 1123 1124 1125 1126 1127 1128 1129 1130 1131 1132 1133 1134 1135 1136 1137 1138 1139 1140 1141 1142 1143 1144 1145 1146 1147 1148 1149 1150 1151 1152 1153 1154 1155 1156 1157 1158 1159 1160 1161 1162 1163 1164 1165 1166 1167 1168 1169 1170 1171 1172 1173 1174 1175 1176 1177 1178 1179 1180 1181 1182 1183 1184 1185 1186 1187 1188 1189 1190 1191 1192 1193 1194 1195 1196 1197 1198 1199 1200 1201 1202 1203 1204 1205 1206 1207 1208 1209 1210 1211 1212 1213 1214 1215 1216 1217 1218 1219 1220 1221 1222 1223 1224 1225 1226 1227 1228 1229 1230 1231 1232 1233 1234 1235 1236 1237 1238 1239 1240 1241 1242 1243 1244 1245 1246 1247 1248 1249 1250 1251 1252 1253 1254 1255 1256 1257 1258 1259 1260 1261 1262 1263 1264 1265 1266 1267 1268 1269 1270 1271 1272 1273 1274 1275 1276 1277 1278 1279 1280 1281 1282 1283 1284 1285 1286 1287 1288 1289 1290 1291 1292 1293 1294 1295 1296 1297 1298 1299 1300 1301 1302 1303 1304 1305 1306 1307 1308 1309 1310 1311 1312 1313 1314 1315 1316 1317 1318 1319 1320 1321 1322 1323 1324 1325 1326 1327 1328 1329 1330 1331 1332 1333 1334 1335 1336 1337 1338 1339 1340 1341 1342 1343 
0 1024 0
1 1024 0
2 1024 0
3 1024 0
4 1024 0
5 1024 0
6 1024 0
7 1024 0
8 1025 0
9 1025 0
10 1025 0
11 1025 0
12 1025 0
13 1025 0
14 1025 0
15 1025 0
16 1026 0
17 1026 0
18 1026 0
19 1026 0
20 1026 0
21 1026 0
22 1026 0
23 1026 0
24 1027 0
25 1027 0
26 1027 0
27 1027 0
28 1027 0
29 1027 0
30 1027 0
31 1027 0
32 1028 0
33 1028 0
34 1028 0
35 1028 0
36 1028 0
37 1028 0
38 1028 0
39 1028 0
40 1029 0
41 1029 0
42 1029 0
43 1029 0
44 1029 0
45 1029 0
46 1029 0
47 1029 0
48 1030 0
49 1030 0
50 1030 0
51 1030 0
52 1030 0
53 1030 0
54 1030 0
55 1030 0
56 1031 0
57 1031 0
58 1031 0
59 1031 0
60 1031 0
61 1031 0
62 1031 0
63 1031 0
64 1032 0
65 1032 0
66 1032 0
67 1032 0
68 1032 0
69 1032 0
70 1032 0
71 1032 0
72 1033 0
73 1033 0
74 1033 0
75 1033 0
76 1033 0
77 1033 0
78 1033 0
79 1033 0
80 1034 0
81 1034 0
82 1034 0
83 1034 0
84 1034 0
85 1034 0
86 1034 0
87 1034 0
88 1035 0
89 1035 0
90 1035 0
91 1035 0
92 1035 0
93 1035 0
94 1035 0
95 1035 0
96 1036 0
97 1036 0
98 1036 0
99 1036 0
100 1036 0
101 1036 0
102 1036 0
103 1036 0
104 1037 0
105 1037 0
106 1037 0
107 1037 0
108 1037 0
109 1037 0
110 1037 0
111 1037 0
112 1038 0
113 1038 0
114 1038 0
115 1038 0
116 1038 0
117 1038 0
118 1038 0
119 1038 0
120 1039 0
121 1039 0
122 1039 0
123 1039 0
124 1039 0
125 1039 0
126 1039 0
127 1039 0
128 1040 0
129 1040 0
130 1040 0
131 1040 0
132 1040 0
133 1040 0
134 1040 0
135 1040 0
136 1041 0
137 1041 0
138 1041 0
139 1041 0
140 1041 0
141 1041 0
142 1041 0
143 1041 0
144 1042 0
145 1042 0
146 1042 0
147 1042 0
148 1042 0
149 1042 0
150 1042 0
151 1042 0
152 1043 0
153 1043 0
154 1043 0
155 1043 0
156 1043 0
157 1043 0
158 1043 0
159 1043 0
160 1044 0
161 1044 0
162 1044 0
163 1044 0
164 1044 0
165 1044 0
166 1044 0
167 1044 0
168 1045 0
169 1045 0
170 1045 0
171 1045 0
172 1045 0
173 1045 0
174 1045 0
175 1045 0
176 1046 0
177 1046 0
178 1046 0
179 1046 0
180 1046 0
181 1046 0
182 1046 0
183 1046 0
184 1047 0
185 1047 0
186 1047 0
187 1047 0
188 1047 0
189 1047 0
190 1047 0
191 1047 0
192 1048 0
193 1048 0
194 1048 0
195 1048 0
196 1048 0
197 1048 0
198 1048 0
199 1048 0
200 1049 0
201 1049 0
202 1049 0
203 1049 0
204 1049 0
205 1049 0
206 1049 0
207 1049 0
208 1050 0
209 1050 0
210 1050 0
211 1050 0
212 1050 0
213 1050 0
214 1050 0
215 1050 0
216 1051 0
217 1051 0
218 1051 0
219 1051 0
220 1051 0
221 1051 0
222 1051 0
223 1051 0
224 1052 0
225 1052 0
226 1052 0
227 1052 0
228 1052 0
229 1052 0
230 1052 0
231 1052 0
232 1053 0
233 1053 0
234 1053 0
235 1053 0
236 1053 0
237 1053 0
238 1053 0
239 1053 0
240 1054 0
241 1054 0
242 1054 0
243 1054 0
244 1054 0
245 1054 0
246 1054 0
247 1054 0
248 1055 0
249 1055 0
250 1055 0
251 1055 0
252 1055 0
253 1055 0
254 1055 0
255 1055 0
256 1056 0
257 1056 0
258 1056 0
259 1056 0
260 1056 0
261 1056 0
262 1056 0
263 1056 0
264 1057 0
265 1057 0
266 1057 0
267 1057 0
268 1057 0
269 1057 0
270 1057 0
271 1057 0
272 1058 0
273 1058 0
274 1058 0
275 1058 0
276 1058 0
277 1058 0
278 1058 0
279 1058 0
280 1059 0
281 1059 0
282 1059 0
283 1059 0
284 1059 0
285 1059 0
286 1059 0
287 1059 0
288 1060 0
289 1060 0
290 1060 0
291 1060 0
292 1060 0
293 1060 0
294 1060 0
295 1060 0
296 1061 0
297 1061 0
298 1061 0
299 1061 0
300 1061 0
301 1061 0
302 1061 0
303 1061 0
304 1062 0
305 1062 0
306 1062 0
307 1062 0
308 1062 0
309 1062 0
310 1062 0
311 1062 0
312 1063 0
313 1063 0
314 1063 0
315 1063 0
316 1063 0
317 1063 0
318 1063 0
319 1063 0
320 1064 0
321 1064 0
322 1064 0
323 1064 0
324 1064 0
325 1064 0
326 1064 0
327 1064 0
328 1065 0
329 1065 0
330 1065 0
331 1065 0
332 1065 0
333 1065 0
334 1065 0
335 1065 0
336 1066 0
337 1066 0
338 1066 0
339 1066 0
340 1066 0
341 1066 0
342 1066 0
343 1066 0
344 1067 0
345 1067 0
346 1067 0
347 1067 0
348 1067 0
349 1067 0
350 1067 0
351 1067 0
352 1068 0
353 1068 0
354 1068 0
355 1068 0
356 1068 0
357 1068 0
358 1068 0
359 1068 0
360 1069 0
361 1069 0
362 1069 0
363 1069 0
364 1069 0
365 1069 0
366 1069 0
367 1069 0
368 1070 0
369 1070 0
370 1070 0
371 1070 0
372 1070 0
373 1070 0
374 1070 0
375 1070 0
376 1071 0
377 1071 0
378 1071 0
379 1071 0
380 1071 0
381 1071 0
382 1071 0
383 1071 0
384 1072 0
385 1072 0
386 1072 0
387 1072 0
388 1072 0
389 1072 0
390 1072 0
391 1072 0
392 1073 0
393 1073 0
394 1073 0
395 1073 0
396 1073 0
397 1073 0
398 1073 0
399 1073 0
400 1074 0
401 1074 0
402 1074 0
403 1074 0
404 1074 0
405 1074 0
406 1074 0
407 1074 0
408 1075 0
409 1075 0
410 1075 0
411 1075 0
412 1075 0
413 1075 0
414 1075 0
415 1075 0
416 1076 0
417 1076 0
418 1076 0
419 1076 0
420 1076 0
421 1076 0
422 1076 0
423 1076 0
424 1077 0
425 1077 0
426 1077 0
427 1077 0
428 1077 0
429 1077 0
430 1077 0
431 1077 0
432 1078 0
433 1078 0
434 1078 0
435 1078 0
436 1078 0
437 1078 0
438 1078 0
439 1078 0
440 1079 0
441 1079 0
442 1079 0
443 1079 0
444 1079 0
445 1079 0
446 1079 0
447 1079 0
448 1080 0
449 1080 0
450 1080 0
451 1080 0
452 1080 0
453 1080 0
454 1080 0
455 1080 0
456 1081 0
457 1081 0
458 1081 0
459 1081 0
460 1081 0
461 1081 0
462 1081 0
463 1081 0
464 1082 0
465 1082 0
466 1082 0
467 1082 0
468 1082 0
469 1082 0
470 1082 0
471 1082 0
472 1083 0
473 1083 0
474 1083 0
475 1083 0
476 1083 0
477 1083 0
478 1083 0
479 1083 0
480 1084 0
481 1084 0
482 1084 0
483 1084 0
484 1084 0
485 1084 0
486 1084 0
487 1084 0
488 1085 0
489 1085 0
490 1085 0
491 1085 0
492 1085 0
493 1085 0
494 1085 0
495 1085 0
496 1086 0
497 1086 0
498 1086 0
499 1086 0
500 1086 0
501 1086 0
502 1086 0
503 1086 0
504 1087 0
505 1087 0
506 1087 0
507 1087 0
508 1087 0
509 1087 0
510 1087 0
511 1087 0
512 1088 0
513 1088 0
514 1088 0
515 1088 0
516 1088 0
517 1088 0
518 1088 0
519 1088 0
520 1089 0
521 1089 0
522 1089 0
523 1089 0
524 1089 0
525 1089 0
526 1089 0
527 1089 0
528 1090 0
529 1090 0
530 1090 0
531 1090 0
532 1090 0
533 1090 0
534 1090 0
535 1090 0
536 1091 0
537 1091 0
538 1091 0
539 1091 0
540 1091 0
541 1091 0
542 1091 0
543 1091 0
544 1092 0
545 1092 0
546 1092 0
547 1092 0
548 1092 0
549 1092 0
550 1092 0
551 1092 0
552 1093 0
553 1093 0
554 1093 0
555 1093 0
556 1093 0
557 1093 0
558 1093 0
559 1093 0
560 1094 0
561 1094 0
562 1094 0
563 1094 0
564 1094 0
565 1094 0
566 1094 0
567 1094 0
568 1095 0
569 1095 0
570 1095 0
571 1095 0
572 1095 0
573 1095 0
574 1095 0
575 1095 0
576 1096 0
577 1096 0
578 1096 0
579 1096 0
580 1096 0
581 1096 0
582 1096 0
583 1096 0
584 1097 0
585 1097 0
586 1097 0
587 1097 0
588 1097 0
589 1097 0
590 1097 0
591 1097 0
592 1098 0
593 1098 0
594 1098 0
595 1098 0
596 1098 0
597 1098 0
598 1098 0
599 1098 0
600 1099 0
601 1099 0
602 1099 0
603 1099 0
604 1099 0
605 1099 0
606 1099 0
607 1099 0
608 1100 0
609 1100 0
610 1100 0
611 1100 0
612 1100 0
613 1100 0
614 1100 0
615 1100 0
616 1101 0
617 1101 0
618 1101 0
619 1101 0
620 1101 0
621 1101 0
622 1101 0
623 1101 0
624 1102 0
625 1102 0
626 1102 0
627 1102 0
628 1102 0
629 1102 0
630 1102 0
631 1102 0
632 1103 0
633 1103 0
634 1103 0
635 1103 0
636 1103 0
637 1103 0
638 1103 0
639 1103 0
640 1104 0
641 1104 0
642 1104 0
643 1104 0
644 1104 0
645 1104 0
646 1104 0
647 1104 0
648 1105 0
649 1105 0
650 1105 0
651 1105 0
652 1105 0
653 1105 0
654 1105 0
655 1105 0
656 1106 0
657 1106 0
658 1106 0
659 1106 0
660 1106 0
661 1106 0
662 1106 0
663 1106 0
664 1107 0
665 1107 0
666 1107 0
667 1107 0
668 1107 0
669 1107 0
670 1107 0
671 1107 0
672 1108 0
673 1108 0
674 1108 0
675 1108 0
676 1108 0
677 1108 0
678 1108 0
679 1108 0
680 1109 0
681 1109 0
682 1109 0
683 1109 0
684 1109 0
685 1109 0
686 1109 0
687 1109 0
688 1110 0
689 1110 0
690 1110 0
691 1110 0
692 1110 0
693 1110 0
694 1110 0
695 1110 0
696 1111 0
697 1111 0
698 1111 0
699 1111 0
700 1111 0
701 1111 0
702 1111 0
703 1111 0
704 1112 0
705 1112 0
706 1112 0
707 1112 0
708 1112 0
709 1112 0
710 1112 0
711 1112 0
712 1113 0
713 1113 0
714 1113 0
715 1113 0
716 1113 0
717 1113 0
718 1113 0
719 1113 0
720 1114 0
721 1114 0
722 1114 0
723 1114 0
724 1114 0
725 1114 0
726 1114 0
727 1114 0
728 1115 0
729 1115 0
730 1115 0
731 1115 0
732 1115 0
733 1115 0
734 1115 0
735 1115 0
736 1116 0
737 1116 0
738 1116 0
739 1116 0
740 1116 0
741 1116 0
742 1116 0
743 1116 0
744 1117 0
745 1117 0
746 1117 0
747 1117 0
748 1117 0
749 1117 0
750 1117 0
751 1117 0
752 1118 0
753 1118 0
754 1118 0
755 1118 0
756 1118 0
757 1118 0
758 1118 0
759 1118 0
760 1119 0
761 1119 0
762 1119 0
763 1119 0
764 1119 0
765 1119 0
766 1119 0
767 1119 0
768 1120 0
769 1120 0
770 1120 0
771 1120 0
772 1120 0
773 1120 0
774 1120 0
775 1120 0
776 1121 0
777 1121 0
778 1121 0
779 1121 0
780 1121 0
781 1121 0
782 1121 0
783 1121 0
784 1122 0
785 1122 0
786 1122 0
787 1122 0
788 1122 0
789 1122 0
790 1122 0
791 1122 0
792 1123 0
793 1123 0
794 1123 0
795 1123 0
796 1123 0
797 1123 0
798 1123 0
799 1123 0
800 1124 0
801 1124 0
802 1124 0
803 1124 0
804 1124 0
805 1124 0
806 1124 0
807 1124 0
808 1125 0
809 1125 0
810 1125 0
811 1125 0
812 1125 0
813 1125 0
814 1125 0
815 1125 0
816 1126 0
817 1126 0
818 1126 0
819 1126 0
820 1126 0
821 1126 0
822 1126 0
823 1126 0
824 1127 0
825 1127 0
826 1127 0
827 1127 0
828 1127 0
829 1127 0
830 1127 0
831 1127 0
832 1128 0
833 1128 0
834 1128 0
835 1128 0
836 1128 0
837 1128 0
838 1128 0
839 1128 0
840 1129 0
841 1129 0
842 1129 0
843 1129 0
844 1129 0
845 1129 0
846 1129 0
847 1129 0
848 1130 0
849 1130 0
850 1130 0
851 1130 0
852 1130 0
853 1130 0
854 1130 0
855 1130 0
856 1131 0
857 1131 0
858 1131 0
859 1131 0
860 1131 0
861 1131 0
862 1131 0
863 1131 0
864 1132 0
865 1132 0
866 1132 0
867 1132 0
868 1132 0
869 1132 0
870 1132 0
871 1132 0
872 1133 0
873 1133 0
874 1133 0
875 1133 0
876 1133 0
877 1133 0
878 1133 0
879 1133 0
880 1134 0
881 1134 0
882 1134 0
883 1134 0
884 1134 0
885 1134 0
886 1134 0
887 1134 0
888 1135 0
889 1135 0
890 1135 0
891 1135 0
892 1135 0
893 1135 0
894 1135 0
895 1135 0
896 1136 0
897 1136 0
898 1136 0
899 1136 0
900 1136 0
901 1136 0
902 1136 0
903 1136 0
904 1137 0
905 1137 0
906 1137 0
907 1137 0
908 1137 0
909 1137 0
910 1137 0
911 1137 0
912 1138 0
913 1138 0
914 1138 0
915 1138 0
916 1138 0
917 1138 0
918 1138 0
919 1138 0
920 1139 0
921 1139 0
922 1139 0
923 1139 0
924 1139 0
925 1139 0
926 1139 0
927 1139 0
928 1140 0
929 1140 0
930 1140 0
931 1140 0
932 1140 0
933 1140 0
934 1140 0
935 1140 0
936 1141 0
937 1141 0
938 1141 0
939 1141 0
940 1141 0
941 1141 0
942 1141 0
943 1141 0
944 1142 0
945 1142 0
946 1142 0
947 1142 0
948 1142 0
949 1142 0
950 1142 0
951 1142 0
952 1143 0
953 1143 0
954 1143 0
955 1143 0
956 1143 0
957 1143 0
958 1143 0
959 1143 0
960 1144 0
961 1144 0
962 1144 0
963 1144 0
964 1144 0
965 1144 0
966 1144 0
967 1144 0
968 1145 0
969 1145 0
970 1145 0
971 1145 0
972 1145 0
973 1145 0
974 1145 0
975 1145 0
976 1146 0
977 1146 0
978 1146 0
979 1146 0
980 1146 0
981 1146 0
982 1146 0
983 1146 0
984 1147 0
985 1147 0
986 1147 0
987 1147 0
988 1147 0
989 1147 0
990 1147 0
991 1147 0
992 1148 0
993 1148 0
994 1148 0
995 1148 0
996 1148 0
997 1148 0
998 1148 0
999 1148 0
1000 1149 0
1001 1149 0
1002 1149 0
1003 1149 0
1004 1149 0
1005 1149 0
1006 1149 0
1007 1149 0
1008 1150 0
1009 1150 0
1010 1150 0
1011 1150 0
1012 1150 0
1013 1150 0
1014 1150 0
1015 1150 0
1016 1151 0
1017 1151 0
1018 1151 0
1019 1151 0
1020 1151 0
1021 1151 0
1022 1151 0
1023 1151 0
1024 1152 0
1024 1153 0
1024 1154 0
1024 1155 0
1024 1156 0
1024 1157 0
1024 1158 0
1024 1159 0
1025 1152 0
1025 1153 0
1025 1154 0
1025 1155 0
1025 1156 0
1025 1157 0
1025 1158 0
1025 1159 0
1026 1152 0
1026 1153 0
1026 1154 0
1026 1155 0
1026 1156 0
1026 1157 0
1026 1158 0
1026 1159 0
1027 1152 0
1027 1153 0
1027 1154 0
1027 1155 0
1027 1156 0
1027 1157 0
1027 1158 0
1027 1159 0
1028 1152 0
1028 1153 0
1028 1154 0
1028 1155 0
1028 1156 0
1028 1157 0
1028 1158 0
1028 1159 0
1029 1152 0
1029 1153 0
1029 1154 0
1029 1155 0
1029 1156 0
1029 1157 0
1029 1158 0
1029 1159 0
1030 1152 0
1030 1153 0
1030 1154 0
1030 1155 0
1030 1156 0
1030 1157 0
1030 1158 0
1030 1159 0
1031 1152 0
1031 1153 0
1031 1154 0
1031 1155 0
1031 1156 0
1031 1157 0
1031 1158 0
1031 1159 0
1032 1160 0
1032 1161 0
1032 1162 0
1032 1163 0
1032 1164 0
1032 1165 0
1032 1166 0
1032 1167 0
1033 1160 0
1033 1161 0
1033 1162 0
1033 1163 0
1033 1164 0
1033 1165 0
1033 1166 0
1033 1167 0
1034 1160 0
1034 1161 0
1034 1162 0
1034 1163 0
1034 1164 0
1034 1165 0
1034 1166 0
1034 1167 0
1035 1160 0
1035 1161 0
1035 1162 0
1035 1163 0
1035 1164 0
1035 1165 0
1035 1166 0
1035 1167 0
1036 1160 0
1036 1161 0
1036 1162 0
1036 1163 0
1036 1164 0
1036 1165 0
1036 1166 0
1036 1167 0
1037 1160 0
1037 1161 0
1037 1162 0
1037 1163 0
1037 1164 0
1037 1165 0
1037 1166 0
1037 1167 0
1038 1160 0
1038 1161 0
1038 1162 0
1038 1163 0
1038 1164 0
1038 1165 0
1038 1166 0
1038 1167 0
1039 1160 0
1039 1161 0
1039 1162 0
1039 1163 0
1039 1164 0
1039 1165 0
1039 1166 0
1039 1167 0
1040 1168 0
1040 1169 0
1040 1170 0
1040 1171 0
1040 1172 0
1040 1173 0
1040 1174 0
1040 1175 0
1041 1168 0
1041 1169 0
1041 1170 0
1041 1171 0
1041 1172 0
1041 1173 0
1041 1174 0
1041 1175 0
1042 1168 0
1042 1169 0
1042 1170 0
1042 1171 0
1042 1172 0
1042 1173 0
1042 1174 0
1042 1175 0
1043 1168 0
1043 1169 0
1043 1170 0
1043 1171 0
1043 1172 0
1043 1173 0
1043 1174 0
1043 1175 0
1044 1168 0
1044 1169 0
1044 1170 0
1044 1171 0
1044 1172 0
1044 1173 0
1044 1174 0
1044 1175 0
1045 1168 0
1045 1169 0
1045 1170 0
1045 1171 0
1045 1172 0
1045 1173 0
1045 1174 0
1045 1175 0
1046 1168 0
1046 1169 0
1046 1170 0
1046 1171 0
1046 1172 0
1046 1173 0
1046 1174 0
1046 1175 0
1047 1168 0
1047 1169 0
1047 1170 0
1047 1171 0
1047 1172 0
1047 1173 0
1047 1174 0
1047 1175 0
1048 1176 0
1048 1177 0
1048 1178 0
1048 1179 0
1048 1180 0
1048 1181 0
1048 1182 0
1048 1183 0
1049 1176 0
1049 1177 0
1049 1178 0
1049 1179 0
1049 1180 0
1049 1181 0
1049 1182 0
1049 1183 0
1050 1176 0
1050 1177 0
1050 1178 0
1050 1179 0
1050 1180 0
1050 1181 0
1050 1182 0
1050 1183 0
1051 1176 0
1051 1177 0
1051 1178 0
1051 1179 0
1051 1180 0
1051 1181 0
1051 1182 0
1051 1183 0
1052 1176 0
1052 1177 0
1052 1178 0
1052 1179 0
1052 1180 0
1052 1181 0
1052 1182 0
1052 1183 0
1053 1176 0
1053 1177 0
1053 1178 0
1053 1179 0
1053 1180 0
1053 1181 0
1053 1182 0
1053 1183 0
1054 1176 0
1054 1177 0
1054 1178 0
1054 1179 0
1054 1180 0
1054 1181 0
1054 1182 0
1054 1183 0
1055 1176 0
1055 1177 0
1055 1178 0
1055 1179 0
1055 1180 0
1055 1181 0
1055 1182 0
1055 1183 0
1056 1184 0
1056 1185 0
1056 1186 0
1056 1187 0
1056 1188 0
1056 1189 0
1056 1190 0
1056 1191 0
1057 1184 0
1057 1185 0
1057 1186 0
1057 1187 0
1057 1188 0
1057 1189 0
1057 1190 0
1057 1191 0
1058 1184 0
1058 1185 0
1058 1186 0
1058 1187 0
1058 1188 0
1058 1189 0
1058 1190 0
1058 1191 0
1059 1184 0
1059 1185 0
1059 1186 0
1059 1187 0
1059 1188 0
1059 1189 0
1059 1190 0
1059 1191 0
1060 1184 0
1060 1185 0
1060 1186 0
1060 1187 0
1060 1188 0
1060 1189 0
1060 1190 0
1060 1191 0
1061 1184 0
1061 1185 0
1061 1186 0
1061 1187 0
1061 1188 0
1061 1189 0
1061 1190 0
1061 1191 0
1062 1184 0
1062 1185 0
1062 1186 0
1062 1187 0
1062 1188 0
1062 1189 0
1062 1190 0
1062 1191 0
1063 1184 0
1063 1185 0
1063 1186 0
1063 1187 0
1063 1188 0
1063 1189 0
1063 1190 0
1063 1191 0
1064 1192 0
1064 1193 0
1064 1194 0
1064 1195 0
1064 1196 0
1064 1197 0
1064 1198 0
1064 1199 0
1065 1192 0
1065 1193 0
1065 1194 0
1065 1195 0
1065 1196 0
1065 1197 0
1065 1198 0
1065 1199 0
1066 1192 0
1066 1193 0
1066 1194 0
1066 1195 0
1066 1196 0
1066 1197 0
1066 1198 0
1066 1199 0
1067 1192 0
1067 1193 0
1067 1194 0
1067 1195 0
1067 1196 0
1067 1197 0
1067 1198 0
1067 1199 0
1068 1192 0
1068 1193 0
1068 1194 0
1068 1195 0
1068 1196 0
1068 1197 0
1068 1198 0
1068 1199 0
1069 1192 0
1069 1193 0
1069 1194 0
1069 1195 0
1069 1196 0
1069 1197 0
1069 1198 0
1069 1199 0
1070 1192 0
1070 1193 0
1070 1194 0
1070 1195 0
1070 1196 0
1070 1197 0
1070 1198 0
1070 1199 0
1071 1192 0
1071 1193 0
1071 1194 0
1071 1195 0
1071 1196 0
1071 1197 0
1071 1198 0
1071 1199 0
1072 1200 0
1072 1201 0
1072 1202 0
1072 1203 0
1072 1204 0
1072 1205 0
1072 1206 0
1072 1207 0
1073 1200 0
1073 1201 0
1073 1202 0
1073 1203 0
1073 1204 0
1073 1205 0
1073 1206 0
1073 1207 0
1074 1200 0
1074 1201 0
1074 1202 0
1074 1203 0
1074 1204 0
1074 1205 0
1074 1206 0
1074 1207 0
1075 1200 0
1075 1201 0
1075 1202 0
1075 1203 0
1075 1204 0
1075 1205 0
1075 1206 0
1075 1207 0
1076 1200 0
1076 1201 0
1076 1202 0
1076 1203 0
1076 1204 0
1076 1205 0
1076 1206 0
1076 1207 0
1077 1200 0
1077 1201 0
1077 1202 0
1077 1203 0
1077 1204 0
1077 1205 0
1077 1206 0
1077 1207 0
1078 1200 0
1078 1201 0
1078 1202 0
1078 1203 0
1078 1204 0
1078 1205 0
1078 1206 0
1078 1207 0
1079 1200 0
1079 1201 0
1079 1202 0
1079 1203 0
1079 1204 0
1079 1205 0
1079 1206 0
1079 1207 0
1080 1208 0
1080 1209 0
1080 1210 0
1080 1211 0
1080 1212 0
1080 1213 0
1080 1214 0
1080 1215 0
1081 1208 0
1081 1209 0
1081 1210 0
1081 1211 0
1081 1212 0
1081 1213 0
1081 1214 0
1081 1215 0
1082 1208 0
1082 1209 0
1082 1210 0
1082 1211 0
1082 1212 0
1082 1213 0
1082 1214 0
1082 1215 0
1083 1208 0
1083 1209 0
1083 1210 0
1083 1211 0
1083 1212 0
1083 1213 0
1083 1214 0
1083 1215 0
1084 1208 0
1084 1209 0
1084 1210 0
1084 1211 0
1084 1212 0
1084 1213 0
1084 1214 0
1084 1215 0
1085 1208 0
1085 1209 0
1085 1210 0
1085 1211 0
1085 1212 0
1085 1213 0
1085 1214 0
1085 1215 0
1086 1208 0
1086 1209 0
1086 1210 0
1086 1211 0
1086 1212 0
1086 1213 0
1086 1214 0
1086 1215 0
1087 1208 0
1087 1209 0
1087 1210 0
1087 1211 0
1087 1212 0
1087 1213 0
1087 1214 0
1087 1215 0
1088 1216 0
1088 1217 0
1088 1218 0
1088 1219 0
1088 1220 0
1088 1221 0
1088 1222 0
1088 1223 0
1089 1216 0
1089 1217 0
1089 1218 0
1089 1219 0
1089 1220 0
1089 1221 0
1089 1222 0
1089 1223 0
1090 1216 0
1090 1217 0
1090 1218 0
1090 1219 0
1090 1220 0
1090 1221 0
1090 1222 0
1090 1223 0
1091 1216 0
1091 1217 0
1091 1218 0
1091 1219 0
1091 1220 0
1091 1221 0
1091 1222 0
1091 1223 0
1092 1216 0
1092 1217 0
1092 1218 0
1092 1219 0
1092 1220 0
1092 1221 0
1092 1222 0
1092 1223 0
1093 1216 0
1093 1217 0
1093 1218 0
1093 1219 0
1093 1220 0
1093 1221 0
1093 1222 0
1093 1223 0
1094 1216 0
1094 1217 0
1094 1218 0
1094 1219 0
1094 1220 0
1094 1221 0
1094 1222 0
1094 1223 0
1095 1216 0
1095 1217 0
1095 1218 0
1095 1219 0
1095 1220 0
1095 1221 0
1095 1222 0
1095 1223 0
1096 1224 0
1096 1225 0
1096 1226 0
1096 1227 0
1096 1228 0
1096 1229 0
1096 1230 0
1096 1231 0
1097 1224 0
1097 1225 0
1097 1226 0
1097 1227 0
1097 1228 0
1097 1229 0
1097 1230 0
1097 1231 0
1098 1224 0
1098 1225 0
1098 1226 0
1098 1227 0
1098 1228 0
1098 1229 0
1098 1230 0
1098 1231 0
1099 1224 0
1099 1225 0
1099 1226 0
1099 1227 0
1099 1228 0
1099 1229 0
1099 1230 0
1099 1231 0
1100 1224 0
1100 1225 0
1100 1226 0
1100 1227 0
1100 1228 0
1100 1229 0
1100 1230 0
1100 1231 0
1101 1224 0
1101 1225 0
1101 1226 0
1101 1227 0
1101 1228 0
1101 1229 0
1101 1230 0
1101 1231 0
1102 1224 0
1102 1225 0
1102 1226 0
1102 1227 0
1102 1228 0
1102 1229 0
1102 1230 0
1102 1231 0
1103 1224 0
1103 1225 0
1103 1226 0
1103 1227 0
1103 1228 0
1103 1229 0
1103 1230 0
1103 1231 0
1104 1232 0
1104 1233 0
1104 1234 0
1104 1235 0
1104 1236 0
1104 1237 0
1104 1238 0
1104 1239 0
1105 1232 0
1105 1233 0
1105 1234 0
1105 1235 0
1105 1236 0
1105 1237 0
1105 1238 0
1105 1239 0
1106 1232 0
1106 1233 0
1106 1234 0
1106 1235 0
1106 1236 0
1106 1237 0
1106 1238 0
1106 1239 0
1107 1232 0
1107 1233 0
1107 1234 0
1107 1235 0
1107 1236 0
1107 1237 0
1107 1238 0
1107 1239 0
1108 1232 0
1108 1233 0
1108 1234 0
1108 1235 0
1108 1236 0
1108 1237 0
1108 1238 0
1108 1239 0
1109 1232 0
1109 1233 0
1109 1234 0
1109 1235 0
1109 1236 0
1109 1237 0
1109 1238 0
1109 1239 0
1110 1232 0
1110 1233 0
1110 1234 0
1110 1235 0
1110 1236 0
1110 1237 0
1110 1238 0
1110 1239 0
1111 1232 0
1111 1233 0
1111 1234 0
1111 1235 0
1111 1236 0
1111 1237 0
1111 1238 0
1111 1239 0
1112 1240 0
1112 1241 0
1112 1242 0
1112 1243 0
1112 1244 0
1112 1245 0
1112 1246 0
1112 1247 0
1113 1240 0
1113 1241 0
1113 1242 0
1113 1243 0
1113 1244 0
1113 1245 0
1113 1246 0
1113 1247 0
1114 1240 0
1114 1241 0
1114 1242 0
1114 1243 0
1114 1244 0
1114 1245 0
1114 1246 0
1114 1247 0
1115 1240 0
1115 1241 0
1115 1242 0
1115 1243 0
1115 1244 0
1115 1245 0
1115 1246 0
1115 1247 0
1116 1240 0
1116 1241 0
1116 1242 0
1116 1243 0
1116 1244 0
1116 1245 0
1116 1246 0
1116 1247 0
1117 1240 0
1117 1241 0
1117 1242 0
1117 1243 0
1117 1244 0
1117 1245 0
1117 1246 0
1117 1247 0
1118 1240 0
1118 1241 0
1118 1242 0
1118 1243 0
1118 1244 0
1118 1245 0
1118 1246 0
1118 1247 0
1119 1240 0
1119 1241 0
1119 1242 0
1119 1243 0
1119 1244 0
1119 1245 0
1119 1246 0
1119 1247 0
1120 1248 0
1120 1249 0
1120 1250 0
1120 1251 0
1120 1252 0
1120 1253 0
1120 1254 0
1120 1255 0
1121 1248 0
1121 1249 0
1121 1250 0
1121 1251 0
1121 1252 0
1121 1253 0
1121 1254 0
1121 1255 0
1122 1248 0
1122 1249 0
1122 1250 0
1122 1251 0
1122 1252 0
1122 1253 0
1122 1254 0
1122 1255 0
1123 1248 0
1123 1249 0
1123 1250 0
1123 1251 0
1123 1252 0
1123 1253 0
1123 1254 0
1123 1255 0
1124 1248 0
1124 1249 0
1124 1250 0
1124 1251 0
1124 1252 0
1124 1253 0
1124 1254 0
1124 1255 0
1125 1248 0
1125 1249 0
1125 1250 0
1125 1251 0
1125 1252 0
1125 1253 0
1125 1254 0
1125 1255 0
1126 1248 0
1126 1249 0
1126 1250 0
1126 1251 0
1126 1252 0
1126 1253 0
1126 1254 0
1126 1255 0
1127 1248 0
1127 1249 0
1127 1250 0
1127 1251 0
1127 1252 0
1127 1253 0
1127 1254 0
1127 1255 0
1128 1256 0
1128 1257 0
1128 1258 0
1128 1259 0
1128 1260 0
1128 1261 0
1128 1262 0
1128 1263 0
1129 1256 0
1129 1257 0
1129 1258 0
1129 1259 0
1129 1260 0
1129 1261 0
1129 1262 0
1129 1263 0
1130 1256 0
1130 1257 0
1130 1258 0
1130 1259 0
1130 1260 0
1130 1261 0
1130 1262 0
1130 1263 0
1131 1256 0
1131 1257 0
1131 1258 0
1131 1259 0
1131 1260 0
1131 1261 0
1131 1262 0
1131 1263 0
1132 1256 0
1132 1257 0
1132 1258 0
1132 1259 0
1132 1260 0
1132 1261 0
1132 1262 0
1132 1263 0
1133 1256 0
1133 1257 0
1133 1258 0
1133 1259 0
1133 1260 0
1133 1261 0
1133 1262 0
1133 1263 0
1134 1256 0
1134 1257 0
1134 1258 0
1134 1259 0
1134 1260 0
1134 1261 0
1134 1262 0
1134 1263 0
1135 1256 0
1135 1257 0
1135 1258 0
1135 1259 0
1135 1260 0
1135 1261 0
1135 1262 0
1135 1263 0
1136 1264 0
1136 1265 0
1136 1266 0
1136 1267 0
1136 1268 0
1136 1269 0
1136 1270 0
1136 1271 0
1137 1264 0
1137 1265 0
1137 1266 0
1137 1267 0
1137 1268 0
1137 1269 0
1137 1270 0
1137 1271 0
1138 1264 0
1138 1265 0
1138 1266 0
1138 1267 0
1138 1268 0
1138 1269 0
1138 1270 0
1138 1271 0
1139 1264 0
1139 1265 0
1139 1266 0
1139 1267 0
1139 1268 0
1139 1269 0
1139 1270 0
1139 1271 0
1140 1264 0
1140 1265 0
1140 1266 0
1140 1267 0
1140 1268 0
1140 1269 0
1140 1270 0
1140 1271 0
1141 1264 0
1141 1265 0
1141 1266 0
1141 1267 0
1141 1268 0
1141 1269 0
1141 1270 0
1141 1271 0
1142 1264 0
1142 1265 0
1142 1266 0
1142 1267 0
1142 1268 0
1142 1269 0
1142 1270 0
1142 1271 0
1143 1264 0
1143 1265 0
1143 1266 0
1143 1267 0
1143 1268 0
1143 1269 0
1143 1270 0
1143 1271 0
1144 1272 0
1144 1273 0
1144 1274 0
1144 1275 0
1144 1276 0
1144 1277 0
1144 1278 0
1144 1279 0
1145 1272 0
1145 1273 0
1145 1274 0
1145 1275 0
1145 1276 0
1145 1277 0
1145 1278 0
1145 1279 0
1146 1272 0
1146 1273 0
1146 1274 0
1146 1275 0
1146 1276 0
1146 1277 0
1146 1278 0
1146 1279 0
1147 1272 0
1147 1273 0
1147 1274 0
1147 1275 0
1147 1276 0
1147 1277 0
1147 1278 0
1147 1279 0
1148 1272 0
1148 1273 0
1148 1274 0
1148 1275 0
1148 1276 0
1148 1277 0
1148 1278 0
1148 1279 0
1149 1272 0
1149 1273 0
1149 1274 0
1149 1275 0
1149 1276 0
1149 1277 0
1149 1278 0
1149 1279 0
1150 1272 0
1150 1273 0
1150 1274 0
1150 1275 0
1150 1276 0
1150 1277 0
1150 1278 0
1150 1279 0
1151 1272 0
1151 1273 0
1151 1274 0
1151 1275 0
1151 1276 0
1151 1277 0
1151 1278 0
1151 1279 0
1152 1280 0
1152 1281 0
1152 1282 0
1152 1283 0
1152 1284 0
1152 1285 0
1152 1286 0
1152 1287 0
1153 1288 0
1153 1289 0
1153 1290 0
1153 1291 0
1153 1292 0
1153 1293 0
1153 1294 0
1153 1295 0
1154 1296 0
1154 1297 0
1154 1298 0
1154 1299 0
1154 1300 0
1154 1301 0
1154 1302 0
1154 1303 0
1155 1304 0
1155 1305 0
1155 1306 0
1155 1307 0
1155 1308 0
1155 1309 0
1155 1310 0
1155 1311 0
1156 1312 0
1156 1313 0
1156 1314 0
1156 1315 0
1156 1316 0
1156 1317 0
1156 1318 0
1156 1319 0
1157 1320 0
1157 1321 0
1157 1322 0
1157 1323 0
1157 1324 0
1157 1325 0
1157 1326 0
1157 1327 0
1158 1328 0
1158 1329 0
1158 1330 0
1158 1331 0
1158 1332 0
1158 1333 0
1158 1334 0
1158 1335 0
1159 1336 0
1159 1337 0
1159 1338 0
1159 1339 0
1159 1340 0
1159 1341 0
1159 1342 0
1159 1343 0
1160 1280 0
1160 1281 0
1160 1282 0
1160 1283 0
1160 1284 0
1160 1285 0
1160 1286 0
1160 1287 0
1161 1288 0
1161 1289 0
1161 1290 0
1161 1291 0
1161 1292 0
1161 1293 0
1161 1294 0
1161 1295 0
1162 1296 0
1162 1297 0
1162 1298 0
1162 1299 0
1162 1300 0
1162 1301 0
1162 1302 0
1162 1303 0
1163 1304 0
1163 1305 0
1163 1306 0
1163 1307 0
1163 1308 0
1163 1309 0
1163 1310 0
1163 1311 0
1164 1312 0
1164 1313 0
1164 1314 0
1164 1315 0
1164 1316 0
1164 1317 0
1164 1318 0
1164 1319 0
1165 1320 0
1165 1321 0
1165 1322 0
1165 1323 0
1165 1324 0
1165 1325 0
1165 1326 0
1165 1327 0
1166 1328 0
1166 1329 0
1166 1330 0
1166 1331 0
1166 1332 0
1166 1333 0
1166 1334 0
1166 1335 0
1167 1336 0
1167 1337 0
1167 1338 0
1167 1339 0
1167 1340 0
1167 1341 0
1167 1342 0
1167 1343 0
1168 1280 0
1168 1281 0
1168 1282 0
1168 1283 0
1168 1284 0
1168 1285 0
1168 1286 0
1168 1287 0
1169 1288 0
1169 1289 0
1169 1290 0
1169 1291 0
1169 1292 0
1169 1293 0
1169 1294 0
1169 1295 0
1170 1296 0
1170 1297 0
1170 1298 0
1170 1299 0
1170 1300 0
1170 1301 0
1170 1302 0
1170 1303 0
1171 1304 0
1171 1305 0
1171 1306 0
1171 1307 0
1171 1308 0
1171 1309 0
1171 1310 0
1171 1311 0
1172 1312 0
1172 1313 0
1172 1314 0
1172 1315 0
1172 1316 0
1172 1317 0
1172 1318 0
1172 1319 0
1173 1320 0
1173 1321 0
1173 1322 0
1173 1323 0
1173 1324 0
1173 1325 0
1173 1326 0
1173 1327 0
1174 1328 0
1174 1329 0
1174 1330 0
1174 1331 0
1174 1332 0
1174 1333 0
1174 1334 0
1174 1335 0
1175 1336 0
1175 1337 0
1175 1338 0
1175 1339 0
1175 1340 0
1175 1341 0
1175 1342 0
1175 1343 0
1176 1280 0
1176 1281 0
1176 1282 0
1176 1283 0
1176 1284 0
1176 1285 0
1176 1286 0
1176 1287 0
1177 1288 0
1177 1289 0
1177 1290 0
1177 1291 0
1177 1292 0
1177 1293 0
1177 1294 0
1177 1295 0
1178 1296 0
1178 1297 0
1178 1298 0
1178 1299 0
1178 1300 0
1178 1301 0
1178 1302 0
1178 1303 0
1179 1304 0
1179 1305 0
1179 1306 0
1179 1307 0
1179 1308 0
1179 1309 0
1179 1310 0
1179 1311 0
1180 1312 0
1180 1313 0
1180 1314 0
1180 1315 0
1180 1316 0
1180 1317 0
1180 1318 0
1180 1319 0
1181 1320 0
1181 1321 0
1181 1322 0
1181 1323 0
1181 1324 0
1181 1325 0
1181 1326 0
1181 1327 0
1182 1328 0
1182 1329 0
1182 1330 0
1182 1331 0
1182 1332 0
1182 1333 0
1182 1334 0
1182 1335 0
1183 1336 0
1183 1337 0
1183 1338 0
1183 1339 0
1183 1340 0
1183 1341 0
1183 1342 0
1183 1343 0
1184 1280 0
1184 1281 0
1184 1282 0
1184 1283 0
1184 1284 0
1184 1285 0
1184 1286 0
1184 1287 0
1185 1288 0
1185 1289 0
1185 1290 0
1185 1291 0
1185 1292 0
1185 1293 0
1185 1294 0
1185 1295 0
1186 1296 0
1186 1297 0
1186 1298 0
1186 1299 0
1186 1300 0
1186 1301 0
1186 1302 0
1186 1303 0
1187 1304 0
1187 1305 0
1187 1306 0
1187 1307 0
1187 1308 0
1187 1309 0
1187 1310 0
1187 1311 0
1188 1312 0
1188 1313 0
1188 1314 0
1188 1315 0
1188 1316 0
1188 1317 0
1188 1318 0
1188 1319 0
1189 1320 0
1189 1321 0
1189 1322 0
1189 1323 0
1189 1324 0
1189 1325 0
1189 1326 0
1189 1327 0
1190 1328 0
1190 1329 0
1190 1330 0
1190 1331 0
1190 1332 0
1190 1333 0
1190 1334 0
1190 1335 0
1191 1336 0
1191 1337 0
1191 1338 0
1191 1339 0
1191 1340 0
1191 1341 0
1191 1342 0
1191 1343 0
1192 1280 0
1192 1281 0
1192 1282 0
1192 1283 0
1192 1284 0
1192 1285 0
1192 1286 0
1192 1287 0
1193 1288 0
1193 1289 0
1193 1290 0
1193 1291 0
1193 1292 0
1193 1293 0
1193 1294 0
1193 1295 0
1194 1296 0
1194 1297 0
1194 1298 0
1194 1299 0
1194 1300 0
1194 1301 0
1194 1302 0
1194 1303 0
1195 1304 0
1195 1305 0
1195 1306 0
1195 1307 0
1195 1308 0
1195 1309 0
1195 1310 0
1195 1311 0
1196 1312 0
1196 1313 0
1196 1314 0
1196 1315 0
1196 1316 0
1196 1317 0
1196 1318 0
1196 1319 0
1197 1320 0
1197 1321 0
1197 1322 0
1197 1323 0
1197 1324 0
1197 1325 0
1197 1326 0
1197 1327 0
1198 1328 0
1198 1329 0
1198 1330 0
1198 1331 0
1198 1332 0
1198 1333 0
1198 1334 0
1198 1335 0
1199 1336 0
1199 1337 0
1199 1338 0
1199 1339 0
1199 1340 0
1199 1341 0
1199 1342 0
1199 1343 0
1200 1280 0
1200 1281 0
1200 1282 0
1200 1283 0
1200 1284 0
1200 1285 0
1200 1286 0
1200 1287 0
1201 1288 0
1201 1289 0
1201 1290 0
1201 1291 0
1201 1292 0
1201 1293 0
1201 1294 0
1201 1295 0
1202 1296 0
1202 1297 0
1202 1298 0
1202 1299 0
1202 1300 0
1202 1301 0
1202 1302 0
1202 1303 0
1203 1304 0
1203 1305 0
1203 1306 0
1203 1307 0
1203 1308 0
1203 1309 0
1203 1310 0
1203 1311 0
1204 1312 0
1204 1313 0
1204 1314 0
1204 1315 0
1204 1316 0
1204 1317 0
1204 1318 0
1204 1319 0
1205 1320 0
1205 1321 0
1205 1322 0
1205 1323 0
1205 1324 0
1205 1325 0
1205 1326 0
1205 1327 0
1206 1328 0
1206 1329 0
1206 1330 0
1206 1331 0
1206 1332 0
1206 1333 0
1206 1334 0
1206 1335 0
1207 1336 0
1207 1337 0
1207 1338 0
1207 1339 0
1207 1340 0
1207 1341 0
1207 1342 0
1207 1343 0
1208 1280 0
1208 1281 0
1208 1282 0
1208 1283 0
1208 1284 0
1208 1285 0
1208 1286 0
1208 1287 0
1209 1288 0
1209 1289 0
1209 1290 0
1209 1291 0
1209 1292 0
1209 1293 0
1209 1294 0
1209 1295 0
1210 1296 0
1210 1297 0
1210 1298 0
1210 1299 0
1210 1300 0
1210 1301 0
1210 1302 0
1210 1303 0
1211 1304 0
1211 1305 0
1211 1306 0
1211 1307 0
1211 1308 0
1211 1309 0
1211 1310 0
1211 1311 0
1212 1312 0
1212 1313 0
1212 1314 0
1212 1315 0
1212 1316 0
1212 1317 0
1212 1318 0
1212 1319 0
1213 1320 0
1213 1321 0
1213 1322 0
1213 1323 0
1213 1324 0
1213 1325 0
1213 1326 0
1213 1327 0
1214 1328 0
1214 1329 0
1214 1330 0
1214 1331 0
1214 1332 0
1214 1333 0
1214 1334 0
1214 1335 0
1215 1336 0
1215 1337 0
1215 1338 0
1215 1339 0
1215 1340 0
1215 1341 0
1215 1342 0
1215 1343 0
1216 1280 0
1216 1281 0
1216 1282 0
1216 1283 0
1216 1284 0
1216 1285 0
1216 1286 0
1216 1287 0
1217 1288 0
1217 1289 0
1217 1290 0
1217 1291 0
1217 1292 0
1217 1293 0
1217 1294 0
1217 1295 0
1218 1296 0
1218 1297 0
1218 1298 0
1218 1299 0
1218 1300 0
1218 1301 0
1218 1302 0
1218 1303 0
1219 1304 0
1219 1305 0
1219 1306 0
1219 1307 0
1219 1308 0
1219 1309 0
1219 1310 0
1219 1311 0
1220 1312 0
1220 1313 0
1220 1314 0
1220 1315 0
1220 1316 0
1220 1317 0
1220 1318 0
1220 1319 0
1221 1320 0
1221 1321 0
1221 1322 0
1221 1323 0
1221 1324 0
1221 1325 0
1221 1326 0
1221 1327 0
1222 1328 0
1222 1329 0
1222 1330 0
1222 1331 0
1222 1332 0
1222 1333 0
1222 1334 0
1222 1335 0
1223 1336 0
1223 1337 0
1223 1338 0
1223 1339 0
1223 1340 0
1223 1341 0
1223 1342 0
1223 1343 0
1224 1280 0
1224 1281 0
1224 1282 0
1224 1283 0
1224 1284 0
1224 1285 0
1224 1286 0
1224 1287 0
1225 1288 0
1225 1289 0
1225 1290 0
1225 1291 0
1225 1292 0
1225 1293 0
1225 1294 0
1225 1295 0
1226 1296 0
1226 1297 0
1226 1298 0
1226 1299 0
1226 1300 0
1226 1301 0
1226 1302 0
1226 1303 0
1227 1304 0
1227 1305 0
1227 1306 0
1227 1307 0
1227 1308 0
1227 1309 0
1227 1310 0
1227 1311 0
1228 1312 0
1228 1313 0
1228 1314 0
1228 1315 0
1228 1316 0
1228 1317 0
1228 1318 0
1228 1319 0
1229 1320 0
1229 1321 0
1229 1322 0
1229 1323 0
1229 1324 0
1229 1325 0
1229 1326 0
1229 1327 0
1230 1328 0
1230 1329 0
1230 1330 0
1230 1331 0
1230 1332 0
1230 1333 0
1230 1334 0
1230 1335 0
1231 1336 0
1231 1337 0
1231 1338 0
1231 1339 0
1231 1340 0
1231 1341 0
1231 1342 0
1231 1343 0
1232 1280 0
1232 1281 0
1232 1282 0
1232 1283 0
1232 1284 0
1232 1285 0
1232 1286 0
1232 1287 0
1233 1288 0
1233 1289 0
1233 1290 0
1233 1291 0
1233 1292 0
1233 1293 0
1233 1294 0
1233 1295 0
1234 1296 0
1234 1297 0
1234 1298 0
1234 1299 0
1234 1300 0
1234 1301 0
1234 1302 0
1234 1303 0
1235 1304 0
1235 1305 0
1235 1306 0
1235 1307 0
1235 1308 0
1235 1309 0
1235 1310 0
1235 1311 0
1236 1312 0
1236 1313 0
1236 1314 0
1236 1315 0
1236 1316 0
1236 1317 0
1236 1318 0
1236 1319 0
1237 1320 0
1237 1321 0
1237 1322 0
1237 1323 0
1237 1324 0
1237 1325 0
1237 1326 0
1237 1327 0
1238 1328 0
1238 1329 0
1238 1330 0
1238 1331 0
1238 1332 0
1238 1333 0
1238 1334 0
1238 1335 0
1239 1336 0
1239 1337 0
1239 1338 0
1239 1339 0
1239 1340 0
1239 1341 0
1239 1342 0
1239 1343 0
1240 1280 0
1240 1281 0
1240 1282 0
1240 1283 0
1240 1284 0
1240 1285 0
1240 1286 0
1240 1287 0
1241 1288 0
1241 1289 0
1241 1290 0
1241 1291 0
1241 1292 0
1241 1293 0
1241 1294 0
1241 1295 0
1242 1296 0
1242 1297 0
1242 1298 0
1242 1299 0
1242 1300 0
1242 1301 0
1242 1302 0
1242 1303 0
1243 1304 0
1243 1305 0
1243 1306 0
1243 1307 0
1243 1308 0
1243 1309 0
1243 1310 0
1243 1311 0
1244 1312 0
1244 1313 0
1244 1314 0
1244 1315 0
1244 1316 0
1244 1317 0
1244 1318 0
1244 1319 0
1245 1320 0
1245 1321 0
1245 1322 0
1245 1323 0
1245 1324 0
1245 1325 0
1245 1326 0
1245 1327 0
1246 1328 0
1246 1329 0
1246 1330 0
1246 1331 0
1246 1332 0
1246 1333 0
1246 1334 0
1246 1335 0
1247 1336 0
1247 1337 0
1247 1338 0
1247 1339 0
1247 1340 0
1247 1341 0
1247 1342 0
1247 1343 0
1248 1280 0
1248 1281 0
1248 1282 0
1248 1283 0
1248 1284 0
1248 1285 0
1248 1286 0
1248 1287 0
1249 1288 0
1249 1289 0
1249 1290 0
1249 1291 0
1249 1292 0
1249 1293 0
1249 1294 0
1249 1295 0
1250 1296 0
1250 1297 0
1250 1298 0
1250 1299 0
1250 1300 0
1250 1301 0
1250 1302 0
1250 1303 0
1251 1304 0
1251 1305 0
1251 1306 0
1251 1307 0
1251 1308 0
1251 1309 0
1251 1310 0
1251 1311 0
1252 1312 0
1252 1313 0
1252 1314 0
1252 1315 0
1252 1316 0
1252 1317 0
1252 1318 0
1252 1319 0
1253 1320 0
1253 1321 0
1253 1322 0
1253 1323 0
1253 1324 0
1253 1325 0
1253 1326 0
1253 1327 0
1254 1328 0
1254 1329 0
1254 1330 0
1254 1331 0
1254 1332 0
1254 1333 0
1254 1334 0
1254 1335 0
1255 1336 0
1255 1337 0
1255 1338 0
1255 1339 0
1255 1340 0
1255 1341 0
1255 1342 0
1255 1343 0
1256 1280 0
1256 1281 0
1256 1282 0
1256 1283 0
1256 1284 0
1256 1285 0
1256 1286 0
1256 1287 0
1257 1288 0
1257 1289 0
1257 1290 0
1257 1291 0
1257 1292 0
1257 1293 0
1257 1294 0
1257 1295 0
1258 1296 0
1258 1297 0
1258 1298 0
1258 1299 0
1258 1300 0
1258 1301 0
1258 1302 0
1258 1303 0
1259 1304 0
1259 1305 0
1259 1306 0
1259 1307 0
1259 1308 0
1259 1309 0
1259 1310 0
1259 1311 0
1260 1312 0
1260 1313 0
1260 1314 0
1260 1315 0
1260 1316 0
1260 1317 0
1260 1318 0
1260 1319 0
1261 1320 0
1261 1321 0
1261 1322 0
1261 1323 0
1261 1324 0
1261 1325 0
1261 1326 0
1261 1327 0
1262 1328 0
1262 1329 0
1262 1330 0
1262 1331 0
1262 1332 0
1262 1333 0
1262 1334 0
1262 1335 0
1263 1336 0
1263 1337 0
1263 1338 0
1263 1339 0
1263 1340 0
1263 1341 0
1263 1342 0
1263 1343 0
1264 1280 0
1264 1281 0
1264 1282 0
1264 1283 0
1264 1284 0
1264 1285 0
1264 1286 0
1264 1287 0
1265 1288 0
1265 1289 0
1265 1290 0
1265 1291 0
1265 1292 0
1265 1293 0
1265 1294 0
1265 1295 0
1266 1296 0
1266 1297 0
1266 1298 0
1266 1299 0
1266 1300 0
1266 1301 0
1266 1302 0
1266 1303 0
1267 1304 0
1267 1305 0
1267 1306 0
1267 1307 0
1267 1308 0
1267 1309 0
1267 1310 0
1267 1311 0
1268 1312 0
1268 1313 0
1268 1314 0
1268 1315 0
1268 1316 0
1268 1317 0
1268 1318 0
1268 1319 0
1269 1320 0
1269 1321 0
1269 1322 0
1269 1323 0
1269 1324 0
1269 1325 0
1269 1326 0
1269 1327 0
1270 1328 0
1270 1329 0
1270 1330 0
1270 1331 0
1270 1332 0
1270 1333 0
1270 1334 0
1270 1335 0
1271 1336 0
1271 1337 0
1271 1338 0
1271 1339 0
1271 1340 0
1271 1341 0
1271 1342 0
1271 1343 0
1272 1280 0
1272 1281 0
1272 1282 0
1272 1283 0
1272 1284 0
1272 1285 0
1272 1286 0
1272 1287 0
1273 1288 0
1273 1289 0
1273 1290 0
1273 1291 0
1273 1292 0
1273 1293 0
1273 1294 0
1273 1295 0
1274 1296 0
1274 1297 0
1274 1298 0
1274 1299 0
1274 1300 0
1274 1301 0
1274 1302 0
1274 1303 0
1275 1304 0
1275 1305 0
1275 1306 0
1275 1307 0
1275 1308 0
1275 1309 0
1275 1310 0
1275 1311 0
1276 1312 0
1276 1313 0
1276 1314 0
1276 1315 0
1276 1316 0
1276 1317 0
1276 1318 0
1276 1319 0
1277 1320 0
1277 1321 0
1277 1322 0
1277 1323 0
1277 1324 0
1277 1325 0
1277 1326 0
1277 1327 0
1278 1328 0
1278 1329 0
1278 1330 0
1278 1331 0
1278 1332 0
1278 1333 0
1278 1334 0
1278 1335 0
1279 1336 0
1279 1337 0
1279 1338 0
1279 1339 0
1279 1340 0
1279 1341 0
1279 1342 0
1279 1343 0
