99 45 162
54 55 56 57 58 59 60 61 62 63 64 65 66 67 68 69 70 71 72 73 74 75 76 77 78 79 80 81 82 83 84 85 86 87 88 89 90 91 92 93 94 95 96 97 98 
0 54 0
1 54 0
2 54 0
3 55 0
4 55 0
5 55 0
6 56 0
7 56 0
8 56 0
9 57 0
10 57 0
11 57 0
12 58 0
13 58 0
14 58 0
15 59 0
16 59 0
17 59 0
18 60 0
19 60 0
20 60 0
21 61 0
22 61 0
23 61 0
24 62 0
25 62 0
26 62 0
27 63 0
28 63 0
29 63 0
30 64 0
31 64 0
32 64 0
33 65 0
34 65 0
35 65 0
36 66 0
37 66 0
38 66 0
39 67 0
40 67 0
41 67 0
42 68 0
43 68 0
44 68 0
45 69 0
46 69 0
47 69 0
48 70 0
49 70 0
50 70 0
51 71 0
52 71 0
53 71 0
54 72 0
54 73 0
54 74 0
55 72 0
55 73 0
55 74 0
56 72 0
56 73 0
56 74 0
57 75 0
57 76 0
57 77 0
58 75 0
58 76 0
58 77 0
59 75 0
59 76 0
59 77 0
60 78 0
60 79 0
60 80 0
61 78 0
61 79 0
61 80 0
62 78 0
62 79 0
62 80 0
63 81 0
63 82 0
63 83 0
64 81 0
64 82 0
64 83 0
65 81 0
65 82 0
65 83 0
66 84 0
66 85 0
66 86 0
67 84 0
67 85 0
67 86 0
68 84 0
68 85 0
68 86 0
69 87 0
69 88 0
69 89 0
70 87 0
70 88 0
70 89 0
71 87 0
71 88 0
71 89 0
72 90 0
72 91 0
72 92 0
73 93 0
73 94 0
73 95 0
74 96 0
74 97 0
74 98 0
75 90 0
75 91 0
75 92 0
76 93 0
76 94 0
76 95 0
77 96 0
77 97 0
77 98 0
78 90 0
78 91 0
78 92 0
79 93 0
79 94 0
79 95 0
80 96 0
80 97 0
80 98 0
81 90 0
81 91 0
81 92 0
82 93 0
82 94 0
82 95 0
83 96 0
83 97 0
83 98 0
84 90 0
84 91 0
84 92 0
85 93 0
85 94 0
85 95 0
86 96 0
86 97 0
86 98 0
87 90 0
87 91 0
87 92 0
88 93 0
88 94 0
88 95 0
89 96 0
89 97 0
89 98 0
