208 80 384
128 129 130 131 132 133 134 135 136 137 138 139 140 141 142 143 144 145 146 147 148 149 150 151 152 153 154 155 156 157 158 159 160 161 162 163 164 165 166 167 168 169 170 171 172 173 174 175 176 177 178 179 180 181 182 183 184 185 186 187 188 189 190 191 192 193 194 195 196 197 198 199 200 201 202 203 204 205 206 207 
0 128 0
1 128 0
2 128 0
3 128 0
4 129 0
5 129 0
6 129 0
7 129 0
8 130 0
9 130 0
10 130 0
11 130 0
12 131 0
13 131 0
14 131 0
15 131 0
16 132 0
17 132 0
18 132 0
19 132 0
20 133 0
21 133 0
22 133 0
23 133 0
24 134 0
25 134 0
26 134 0
27 134 0
28 135 0
29 135 0
30 135 0
31 135 0
32 136 0
33 136 0
34 136 0
35 136 0
36 137 0
37 137 0
38 137 0
39 137 0
40 138 0
41 138 0
42 138 0
43 138 0
44 139 0
45 139 0
46 139 0
47 139 0
48 140 0
49 140 0
50 140 0
51 140 0
52 141 0
53 141 0
54 141 0
55 141 0
56 142 0
57 142 0
58 142 0
59 142 0
60 143 0
61 143 0
62 143 0
63 143 0
64 144 0
65 144 0
66 144 0
67 144 0
68 145 0
69 145 0
70 145 0
71 145 0
72 146 0
73 146 0
74 146 0
75 146 0
76 147 0
77 147 0
78 147 0
79 147 0
80 148 0
81 148 0
82 148 0
83 148 0
84 149 0
85 149 0
86 149 0
87 149 0
88 150 0
89 150 0
90 150 0
91 150 0
92 151 0
93 151 0
94 151 0
95 151 0
96 152 0
97 152 0
98 152 0
99 152 0
100 153 0
101 153 0
102 153 0
103 153 0
104 154 0
105 154 0
106 154 0
107 154 0
108 155 0
109 155 0
110 155 0
111 155 0
112 156 0
113 156 0
114 156 0
115 156 0
116 157 0
117 157 0
118 157 0
119 157 0
120 158 0
121 158 0
122 158 0
123 158 0
124 159 0
125 159 0
126 159 0
127 159 0
128 160 0
128 161 0
128 162 0
128 163 0
129 160 0
129 161 0
129 162 0
129 163 0
130 160 0
130 161 0
130 162 0
130 163 0
131 160 0
131 161 0
131 162 0
131 163 0
132 164 0
132 165 0
132 166 0
132 167 0
133 164 0
133 165 0
133 166 0
133 167 0
134 164 0
134 165 0
134 166 0
134 167 0
135 164 0
135 165 0
135 166 0
135 167 0
136 168 0
136 169 0
136 170 0
136 171 0
137 168 0
137 169 0
137 170 0
137 171 0
138 168 0
138 169 0
138 170 0
138 171 0
139 168 0
139 169 0
139 170 0
139 171 0
140 172 0
140 173 0
140 174 0
140 175 0
141 172 0
141 173 0
141 174 0
141 175 0
142 172 0
142 173 0
142 174 0
142 175 0
143 172 0
143 173 0
143 174 0
143 175 0
144 176 0
144 177 0
144 178 0
144 179 0
145 176 0
145 177 0
145 178 0
145 179 0
146 176 0
146 177 0
146 178 0
146 179 0
147 176 0
147 177 0
147 178 0
147 179 0
148 180 0
148 181 0
148 182 0
148 183 0
149 180 0
149 181 0
149 182 0
149 183 0
150 180 0
150 181 0
150 182 0
150 183 0
151 180 0
151 181 0
151 182 0
151 183 0
152 184 0
152 185 0
152 186 0
152 187 0
153 184 0
153 185 0
153 186 0
153 187 0
154 184 0
154 185 0
154 186 0
154 187 0
155 184 0
155 185 0
155 186 0
155 187 0
156 188 0
156 189 0
156 190 0
156 191 0
157 188 0
157 189 0
157 190 0
157 191 0
158 188 0
158 189 0
158 190 0
158 191 0
159 188 0
159 189 0
159 190 0
159 191 0
160 192 0
160 193 0
160 194 0
160 195 0
161 196 0
161 197 0
161 198 0
161 199 0
162 200 0
162 201 0
162 202 0
162 203 0
163 204 0
163 205 0
163 206 0
163 207 0
164 192 0
164 193 0
164 194 0
164 195 0
165 196 0
165 197 0
165 198 0
165 199 0
166 200 0
166 201 0
166 202 0
166 203 0
167 204 0
167 205 0
167 206 0
167 207 0
168 192 0
168 193 0
168 194 0
168 195 0
169 196 0
169 197 0
169 198 0
169 199 0
170 200 0
170 201 0
170 202 0
170 203 0
171 204 0
171 205 0
171 206 0
171 207 0
172 192 0
172 193 0
172 194 0
172 195 0
173 196 0
173 197 0
173 198 0
173 199 0
174 200 0
174 201 0
174 202 0
174 203 0
175 204 0
175 205 0
175 206 0
175 207 0
176 192 0
176 193 0
176 194 0
176 195 0
177 196 0
177 197 0
177 198 0
177 199 0
178 200 0
178 201 0
178 202 0
178 203 0
179 204 0
179 205 0
179 206 0
179 207 0
180 192 0
180 193 0
180 194 0
180 195 0
181 196 0
181 197 0
181 198 0
181 199 0
182 200 0
182 201 0
182 202 0
182 203 0
183 204 0
183 205 0
183 206 0
183 207 0
184 192 0
184 193 0
184 194 0
184 195 0
185 196 0
185 197 0
185 198 0
185 199 0
186 200 0
186 201 0
186 202 0
186 203 0
187 204 0
187 205 0
187 206 0
187 207 0
188 192 0
188 193 0
188 194 0
188 195 0
189 196 0
189 197 0
189 198 0
189 199 0
190 200 0
190 201 0
190 202 0
190 203 0
191 204 0
191 205 0
191 206 0
191 207 0
