402 1 401
401
0 401 0
1 401 0
2 401 0
3 401 0
4 401 0
5 401 0
6 401 0
7 401 0
8 401 0
9 401 0
10 401 0
11 401 0
12 401 0
13 401 0
14 401 0
15 401 0
16 401 0
17 401 0
18 401 0
19 401 0
20 401 0
21 401 0
22 401 0
23 401 0
24 401 0
25 401 0
26 401 0
27 401 0
28 401 0
29 401 0
30 401 0
31 401 0
32 401 0
33 401 0
34 401 0
35 401 0
36 401 0
37 401 0
38 401 0
39 401 0
40 401 0
41 401 0
42 401 0
43 401 0
44 401 0
45 401 0
46 401 0
47 401 0
48 401 0
49 401 0
50 401 0
51 401 0
52 401 0
53 401 0
54 401 0
55 401 0
56 401 0
57 401 0
58 401 0
59 401 0
60 401 0
61 401 0
62 401 0
63 401 0
64 401 0
65 401 0
66 401 0
67 401 0
68 401 0
69 401 0
70 401 0
71 401 0
72 401 0
73 401 0
74 401 0
75 401 0
76 401 0
77 401 0
78 401 0
79 401 0
80 401 0
81 401 0
82 401 0
83 401 0
84 401 0
85 401 0
86 401 0
87 401 0
88 401 0
89 401 0
90 401 0
91 401 0
92 401 0
93 401 0
94 401 0
95 401 0
96 401 0
97 401 0
98 401 0
99 401 0
100 401 0
101 401 0
102 401 0
103 401 0
104 401 0
105 401 0
106 401 0
107 401 0
108 401 0
109 401 0
110 401 0
111 401 0
112 401 0
113 401 0
114 401 0
115 401 0
116 401 0
117 401 0
118 401 0
119 401 0
120 401 0
121 401 0
122 401 0
123 401 0
124 401 0
125 401 0
126 401 0
127 401 0
128 401 0
129 401 0
130 401 0
131 401 0
132 401 0
133 401 0
134 401 0
135 401 0
136 401 0
137 401 0
138 401 0
139 401 0
140 401 0
141 401 0
142 401 0
143 401 0
144 401 0
145 401 0
146 401 0
147 401 0
148 401 0
149 401 0
150 401 0
151 401 0
152 401 0
153 401 0
154 401 0
155 401 0
156 401 0
157 401 0
158 401 0
159 401 0
160 401 0
161 401 0
162 401 0
163 401 0
164 401 0
165 401 0
166 401 0
167 401 0
168 401 0
169 401 0
170 401 0
171 401 0
172 401 0
173 401 0
174 401 0
175 401 0
176 401 0
177 401 0
178 401 0
179 401 0
180 401 0
181 401 0
182 401 0
183 401 0
184 401 0
185 401 0
186 401 0
187 401 0
188 401 0
189 401 0
190 401 0
191 401 0
192 401 0
193 401 0
194 401 0
195 401 0
196 401 0
197 401 0
198 401 0
199 401 0
200 401 0
201 401 0
202 401 0
203 401 0
204 401 0
205 401 0
206 401 0
207 401 0
208 401 0
209 401 0
210 401 0
211 401 0
212 401 0
213 401 0
214 401 0
215 401 0
216 401 0
217 401 0
218 401 0
219 401 0
220 401 0
221 401 0
222 401 0
223 401 0
224 401 0
225 401 0
226 401 0
227 401 0
228 401 0
229 401 0
230 401 0
231 401 0
232 401 0
233 401 0
234 401 0
235 401 0
236 401 0
237 401 0
238 401 0
239 401 0
240 401 0
241 401 0
242 401 0
243 401 0
244 401 0
245 401 0
246 401 0
247 401 0
248 401 0
249 401 0
250 401 0
251 401 0
252 401 0
253 401 0
254 401 0
255 401 0
256 401 0
257 401 0
258 401 0
259 401 0
260 401 0
261 401 0
262 401 0
263 401 0
264 401 0
265 401 0
266 401 0
267 401 0
268 401 0
269 401 0
270 401 0
271 401 0
272 401 0
273 401 0
274 401 0
275 401 0
276 401 0
277 401 0
278 401 0
279 401 0
280 401 0
281 401 0
282 401 0
283 401 0
284 401 0
285 401 0
286 401 0
287 401 0
288 401 0
289 401 0
290 401 0
291 401 0
292 401 0
293 401 0
294 401 0
295 401 0
296 401 0
297 401 0
298 401 0
299 401 0
300 401 0
301 401 0
302 401 0
303 401 0
304 401 0
305 401 0
306 401 0
307 401 0
308 401 0
309 401 0
310 401 0
311 401 0
312 401 0
313 401 0
314 401 0
315 401 0
316 401 0
317 401 0
318 401 0
319 401 0
320 401 0
321 401 0
322 401 0
323 401 0
324 401 0
325 401 0
326 401 0
327 401 0
328 401 0
329 401 0
330 401 0
331 401 0
332 401 0
333 401 0
334 401 0
335 401 0
336 401 0
337 401 0
338 401 0
339 401 0
340 401 0
341 401 0
342 401 0
343 401 0
344 401 0
345 401 0
346 401 0
347 401 0
348 401 0
349 401 0
350 401 0
351 401 0
352 401 0
353 401 0
354 401 0
355 401 0
356 401 0
357 401 0
358 401 0
359 401 0
360 401 0
361 401 0
362 401 0
363 401 0
364 401 0
365 401 0
366 401 0
367 401 0
368 401 0
369 401 0
370 401 0
371 401 0
372 401 0
373 401 0
374 401 0
375 401 0
376 401 0
377 401 0
378 401 0
379 401 0
380 401 0
381 401 0
382 401 0
383 401 0
384 401 0
385 401 0
386 401 0
387 401 0
388 401 0
389 401 0
390 401 0
391 401 0
392 401 0
393 401 0
394 401 0
395 401 0
396 401 0
397 401 0
398 401 0
399 401 0
400 401 0
