202 1 201
201
0 201 0
1 201 0
2 201 0
3 201 0
4 201 0
5 201 0
6 201 0
7 201 0
8 201 0
9 201 0
10 201 0
11 201 0
12 201 0
13 201 0
14 201 0
15 201 0
16 201 0
17 201 0
18 201 0
19 201 0
20 201 0
21 201 0
22 201 0
23 201 0
24 201 0
25 201 0
26 201 0
27 201 0
28 201 0
29 201 0
30 201 0
31 201 0
32 201 0
33 201 0
34 201 0
35 201 0
36 201 0
37 201 0
38 201 0
39 201 0
40 201 0
41 201 0
42 201 0
43 201 0
44 201 0
45 201 0
46 201 0
47 201 0
48 201 0
49 201 0
50 201 0
51 201 0
52 201 0
53 201 0
54 201 0
55 201 0
56 201 0
57 201 0
58 201 0
59 201 0
60 201 0
61 201 0
62 201 0
63 201 0
64 201 0
65 201 0
66 201 0
67 201 0
68 201 0
69 201 0
70 201 0
71 201 0
72 201 0
73 201 0
74 201 0
75 201 0
76 201 0
77 201 0
78 201 0
79 201 0
80 201 0
81 201 0
82 201 0
83 201 0
84 201 0
85 201 0
86 201 0
87 201 0
88 201 0
89 201 0
90 201 0
91 201 0
92 201 0
93 201 0
94 201 0
95 201 0
96 201 0
97 201 0
98 201 0
99 201 0
100 201 0
101 201 0
102 201 0
103 201 0
104 201 0
105 201 0
106 201 0
107 201 0
108 201 0
109 201 0
110 201 0
111 201 0
112 201 0
113 201 0
114 201 0
115 201 0
116 201 0
117 201 0
118 201 0
119 201 0
120 201 0
121 201 0
122 201 0
123 201 0
124 201 0
125 201 0
126 201 0
127 201 0
128 201 0
129 201 0
130 201 0
131 201 0
132 201 0
133 201 0
134 201 0
135 201 0
136 201 0
137 201 0
138 201 0
139 201 0
140 201 0
141 201 0
142 201 0
143 201 0
144 201 0
145 201 0
146 201 0
147 201 0
148 201 0
149 201 0
150 201 0
151 201 0
152 201 0
153 201 0
154 201 0
155 201 0
156 201 0
157 201 0
158 201 0
159 201 0
160 201 0
161 201 0
162 201 0
163 201 0
164 201 0
165 201 0
166 201 0
167 201 0
168 201 0
169 201 0
170 201 0
171 201 0
172 201 0
173 201 0
174 201 0
175 201 0
176 201 0
177 201 0
178 201 0
179 201 0
180 201 0
181 201 0
182 201 0
183 201 0
184 201 0
185 201 0
186 201 0
187 201 0
188 201 0
189 201 0
190 201 0
191 201 0
192 201 0
193 201 0
194 201 0
195 201 0
196 201 0
197 201 0
198 201 0
199 201 0
200 201 0
