1002 1 1001
1001
0 1001 0
1 1001 0
2 1001 0
3 1001 0
4 1001 0
5 1001 0
6 1001 0
7 1001 0
8 1001 0
9 1001 0
10 1001 0
11 1001 0
12 1001 0
13 1001 0
14 1001 0
15 1001 0
16 1001 0
17 1001 0
18 1001 0
19 1001 0
20 1001 0
21 1001 0
22 1001 0
23 1001 0
24 1001 0
25 1001 0
26 1001 0
27 1001 0
28 1001 0
29 1001 0
30 1001 0
31 1001 0
32 1001 0
33 1001 0
34 1001 0
35 1001 0
36 1001 0
37 1001 0
38 1001 0
39 1001 0
40 1001 0
41 1001 0
42 1001 0
43 1001 0
44 1001 0
45 1001 0
46 1001 0
47 1001 0
48 1001 0
49 1001 0
50 1001 0
51 1001 0
52 1001 0
53 1001 0
54 1001 0
55 1001 0
56 1001 0
57 1001 0
58 1001 0
59 1001 0
60 1001 0
61 1001 0
62 1001 0
63 1001 0
64 1001 0
65 1001 0
66 1001 0
67 1001 0
68 1001 0
69 1001 0
70 1001 0
71 1001 0
72 1001 0
73 1001 0
74 1001 0
75 1001 0
76 1001 0
77 1001 0
78 1001 0
79 1001 0
80 1001 0
81 1001 0
82 1001 0
83 1001 0
84 1001 0
85 1001 0
86 1001 0
87 1001 0
88 1001 0
89 1001 0
90 1001 0
91 1001 0
92 1001 0
93 1001 0
94 1001 0
95 1001 0
96 1001 0
97 1001 0
98 1001 0
99 1001 0
100 1001 0
101 1001 0
102 1001 0
103 1001 0
104 1001 0
105 1001 0
106 1001 0
107 1001 0
108 1001 0
109 1001 0
110 1001 0
111 1001 0
112 1001 0
113 1001 0
114 1001 0
115 1001 0
116 1001 0
117 1001 0
118 1001 0
119 1001 0
120 1001 0
121 1001 0
122 1001 0
123 1001 0
124 1001 0
125 1001 0
126 1001 0
127 1001 0
128 1001 0
129 1001 0
130 1001 0
131 1001 0
132 1001 0
133 1001 0
134 1001 0
135 1001 0
136 1001 0
137 1001 0
138 1001 0
139 1001 0
140 1001 0
141 1001 0
142 1001 0
143 1001 0
144 1001 0
145 1001 0
146 1001 0
147 1001 0
148 1001 0
149 1001 0
150 1001 0
151 1001 0
152 1001 0
153 1001 0
154 1001 0
155 1001 0
156 1001 0
157 1001 0
158 1001 0
159 1001 0
160 1001 0
161 1001 0
162 1001 0
163 1001 0
164 1001 0
165 1001 0
166 1001 0
167 1001 0
168 1001 0
169 1001 0
170 1001 0
171 1001 0
172 1001 0
173 1001 0
174 1001 0
175 1001 0
176 1001 0
177 1001 0
178 1001 0
179 1001 0
180 1001 0
181 1001 0
182 1001 0
183 1001 0
184 1001 0
185 1001 0
186 1001 0
187 1001 0
188 1001 0
189 1001 0
190 1001 0
191 1001 0
192 1001 0
193 1001 0
194 1001 0
195 1001 0
196 1001 0
197 1001 0
198 1001 0
199 1001 0
200 1001 0
201 1001 0
202 1001 0
203 1001 0
204 1001 0
205 1001 0
206 1001 0
207 1001 0
208 1001 0
209 1001 0
210 1001 0
211 1001 0
212 1001 0
213 1001 0
214 1001 0
215 1001 0
216 1001 0
217 1001 0
218 1001 0
219 1001 0
220 1001 0
221 1001 0
222 1001 0
223 1001 0
224 1001 0
225 1001 0
226 1001 0
227 1001 0
228 1001 0
229 1001 0
230 1001 0
231 1001 0
232 1001 0
233 1001 0
234 1001 0
235 1001 0
236 1001 0
237 1001 0
238 1001 0
239 1001 0
240 1001 0
241 1001 0
242 1001 0
243 1001 0
244 1001 0
245 1001 0
246 1001 0
247 1001 0
248 1001 0
249 1001 0
250 1001 0
251 1001 0
252 1001 0
253 1001 0
254 1001 0
255 1001 0
256 1001 0
257 1001 0
258 1001 0
259 1001 0
260 1001 0
261 1001 0
262 1001 0
263 1001 0
264 1001 0
265 1001 0
266 1001 0
267 1001 0
268 1001 0
269 1001 0
270 1001 0
271 1001 0
272 1001 0
273 1001 0
274 1001 0
275 1001 0
276 1001 0
277 1001 0
278 1001 0
279 1001 0
280 1001 0
281 1001 0
282 1001 0
283 1001 0
284 1001 0
285 1001 0
286 1001 0
287 1001 0
288 1001 0
289 1001 0
290 1001 0
291 1001 0
292 1001 0
293 1001 0
294 1001 0
295 1001 0
296 1001 0
297 1001 0
298 1001 0
299 1001 0
300 1001 0
301 1001 0
302 1001 0
303 1001 0
304 1001 0
305 1001 0
306 1001 0
307 1001 0
308 1001 0
309 1001 0
310 1001 0
311 1001 0
312 1001 0
313 1001 0
314 1001 0
315 1001 0
316 1001 0
317 1001 0
318 1001 0
319 1001 0
320 1001 0
321 1001 0
322 1001 0
323 1001 0
324 1001 0
325 1001 0
326 1001 0
327 1001 0
328 1001 0
329 1001 0
330 1001 0
331 1001 0
332 1001 0
333 1001 0
334 1001 0
335 1001 0
336 1001 0
337 1001 0
338 1001 0
339 1001 0
340 1001 0
341 1001 0
342 1001 0
343 1001 0
344 1001 0
345 1001 0
346 1001 0
347 1001 0
348 1001 0
349 1001 0
350 1001 0
351 1001 0
352 1001 0
353 1001 0
354 1001 0
355 1001 0
356 1001 0
357 1001 0
358 1001 0
359 1001 0
360 1001 0
361 1001 0
362 1001 0
363 1001 0
364 1001 0
365 1001 0
366 1001 0
367 1001 0
368 1001 0
369 1001 0
370 1001 0
371 1001 0
372 1001 0
373 1001 0
374 1001 0
375 1001 0
376 1001 0
377 1001 0
378 1001 0
379 1001 0
380 1001 0
381 1001 0
382 1001 0
383 1001 0
384 1001 0
385 1001 0
386 1001 0
387 1001 0
388 1001 0
389 1001 0
390 1001 0
391 1001 0
392 1001 0
393 1001 0
394 1001 0
395 1001 0
396 1001 0
397 1001 0
398 1001 0
399 1001 0
400 1001 0
401 1001 0
402 1001 0
403 1001 0
404 1001 0
405 1001 0
406 1001 0
407 1001 0
408 1001 0
409 1001 0
410 1001 0
411 1001 0
412 1001 0
413 1001 0
414 1001 0
415 1001 0
416 1001 0
417 1001 0
418 1001 0
419 1001 0
420 1001 0
421 1001 0
422 1001 0
423 1001 0
424 1001 0
425 1001 0
426 1001 0
427 1001 0
428 1001 0
429 1001 0
430 1001 0
431 1001 0
432 1001 0
433 1001 0
434 1001 0
435 1001 0
436 1001 0
437 1001 0
438 1001 0
439 1001 0
440 1001 0
441 1001 0
442 1001 0
443 1001 0
444 1001 0
445 1001 0
446 1001 0
447 1001 0
448 1001 0
449 1001 0
450 1001 0
451 1001 0
452 1001 0
453 1001 0
454 1001 0
455 1001 0
456 1001 0
457 1001 0
458 1001 0
459 1001 0
460 1001 0
461 1001 0
462 1001 0
463 1001 0
464 1001 0
465 1001 0
466 1001 0
467 1001 0
468 1001 0
469 1001 0
470 1001 0
471 1001 0
472 1001 0
473 1001 0
474 1001 0
475 1001 0
476 1001 0
477 1001 0
478 1001 0
479 1001 0
480 1001 0
481 1001 0
482 1001 0
483 1001 0
484 1001 0
485 1001 0
486 1001 0
487 1001 0
488 1001 0
489 1001 0
490 1001 0
491 1001 0
492 1001 0
493 1001 0
494 1001 0
495 1001 0
496 1001 0
497 1001 0
498 1001 0
499 1001 0
500 1001 0
501 1001 0
502 1001 0
503 1001 0
504 1001 0
505 1001 0
506 1001 0
507 1001 0
508 1001 0
509 1001 0
510 1001 0
511 1001 0
512 1001 0
513 1001 0
514 1001 0
515 1001 0
516 1001 0
517 1001 0
518 1001 0
519 1001 0
520 1001 0
521 1001 0
522 1001 0
523 1001 0
524 1001 0
525 1001 0
526 1001 0
527 1001 0
528 1001 0
529 1001 0
530 1001 0
531 1001 0
532 1001 0
533 1001 0
534 1001 0
535 1001 0
536 1001 0
537 1001 0
538 1001 0
539 1001 0
540 1001 0
541 1001 0
542 1001 0
543 1001 0
544 1001 0
545 1001 0
546 1001 0
547 1001 0
548 1001 0
549 1001 0
550 1001 0
551 1001 0
552 1001 0
553 1001 0
554 1001 0
555 1001 0
556 1001 0
557 1001 0
558 1001 0
559 1001 0
560 1001 0
561 1001 0
562 1001 0
563 1001 0
564 1001 0
565 1001 0
566 1001 0
567 1001 0
568 1001 0
569 1001 0
570 1001 0
571 1001 0
572 1001 0
573 1001 0
574 1001 0
575 1001 0
576 1001 0
577 1001 0
578 1001 0
579 1001 0
580 1001 0
581 1001 0
582 1001 0
583 1001 0
584 1001 0
585 1001 0
586 1001 0
587 1001 0
588 1001 0
589 1001 0
590 1001 0
591 1001 0
592 1001 0
593 1001 0
594 1001 0
595 1001 0
596 1001 0
597 1001 0
598 1001 0
599 1001 0
600 1001 0
601 1001 0
602 1001 0
603 1001 0
604 1001 0
605 1001 0
606 1001 0
607 1001 0
608 1001 0
609 1001 0
610 1001 0
611 1001 0
612 1001 0
613 1001 0
614 1001 0
615 1001 0
616 1001 0
617 1001 0
618 1001 0
619 1001 0
620 1001 0
621 1001 0
622 1001 0
623 1001 0
624 1001 0
625 1001 0
626 1001 0
627 1001 0
628 1001 0
629 1001 0
630 1001 0
631 1001 0
632 1001 0
633 1001 0
634 1001 0
635 1001 0
636 1001 0
637 1001 0
638 1001 0
639 1001 0
640 1001 0
641 1001 0
642 1001 0
643 1001 0
644 1001 0
645 1001 0
646 1001 0
647 1001 0
648 1001 0
649 1001 0
650 1001 0
651 1001 0
652 1001 0
653 1001 0
654 1001 0
655 1001 0
656 1001 0
657 1001 0
658 1001 0
659 1001 0
660 1001 0
661 1001 0
662 1001 0
663 1001 0
664 1001 0
665 1001 0
666 1001 0
667 1001 0
668 1001 0
669 1001 0
670 1001 0
671 1001 0
672 1001 0
673 1001 0
674 1001 0
675 1001 0
676 1001 0
677 1001 0
678 1001 0
679 1001 0
680 1001 0
681 1001 0
682 1001 0
683 1001 0
684 1001 0
685 1001 0
686 1001 0
687 1001 0
688 1001 0
689 1001 0
690 1001 0
691 1001 0
692 1001 0
693 1001 0
694 1001 0
695 1001 0
696 1001 0
697 1001 0
698 1001 0
699 1001 0
700 1001 0
701 1001 0
702 1001 0
703 1001 0
704 1001 0
705 1001 0
706 1001 0
707 1001 0
708 1001 0
709 1001 0
710 1001 0
711 1001 0
712 1001 0
713 1001 0
714 1001 0
715 1001 0
716 1001 0
717 1001 0
718 1001 0
719 1001 0
720 1001 0
721 1001 0
722 1001 0
723 1001 0
724 1001 0
725 1001 0
726 1001 0
727 1001 0
728 1001 0
729 1001 0
730 1001 0
731 1001 0
732 1001 0
733 1001 0
734 1001 0
735 1001 0
736 1001 0
737 1001 0
738 1001 0
739 1001 0
740 1001 0
741 1001 0
742 1001 0
743 1001 0
744 1001 0
745 1001 0
746 1001 0
747 1001 0
748 1001 0
749 1001 0
750 1001 0
751 1001 0
752 1001 0
753 1001 0
754 1001 0
755 1001 0
756 1001 0
757 1001 0
758 1001 0
759 1001 0
760 1001 0
761 1001 0
762 1001 0
763 1001 0
764 1001 0
765 1001 0
766 1001 0
767 1001 0
768 1001 0
769 1001 0
770 1001 0
771 1001 0
772 1001 0
773 1001 0
774 1001 0
775 1001 0
776 1001 0
777 1001 0
778 1001 0
779 1001 0
780 1001 0
781 1001 0
782 1001 0
783 1001 0
784 1001 0
785 1001 0
786 1001 0
787 1001 0
788 1001 0
789 1001 0
790 1001 0
791 1001 0
792 1001 0
793 1001 0
794 1001 0
795 1001 0
796 1001 0
797 1001 0
798 1001 0
799 1001 0
800 1001 0
801 1001 0
802 1001 0
803 1001 0
804 1001 0
805 1001 0
806 1001 0
807 1001 0
808 1001 0
809 1001 0
810 1001 0
811 1001 0
812 1001 0
813 1001 0
814 1001 0
815 1001 0
816 1001 0
817 1001 0
818 1001 0
819 1001 0
820 1001 0
821 1001 0
822 1001 0
823 1001 0
824 1001 0
825 1001 0
826 1001 0
827 1001 0
828 1001 0
829 1001 0
830 1001 0
831 1001 0
832 1001 0
833 1001 0
834 1001 0
835 1001 0
836 1001 0
837 1001 0
838 1001 0
839 1001 0
840 1001 0
841 1001 0
842 1001 0
843 1001 0
844 1001 0
845 1001 0
846 1001 0
847 1001 0
848 1001 0
849 1001 0
850 1001 0
851 1001 0
852 1001 0
853 1001 0
854 1001 0
855 1001 0
856 1001 0
857 1001 0
858 1001 0
859 1001 0
860 1001 0
861 1001 0
862 1001 0
863 1001 0
864 1001 0
865 1001 0
866 1001 0
867 1001 0
868 1001 0
869 1001 0
870 1001 0
871 1001 0
872 1001 0
873 1001 0
874 1001 0
875 1001 0
876 1001 0
877 1001 0
878 1001 0
879 1001 0
880 1001 0
881 1001 0
882 1001 0
883 1001 0
884 1001 0
885 1001 0
886 1001 0
887 1001 0
888 1001 0
889 1001 0
890 1001 0
891 1001 0
892 1001 0
893 1001 0
894 1001 0
895 1001 0
896 1001 0
897 1001 0
898 1001 0
899 1001 0
900 1001 0
901 1001 0
902 1001 0
903 1001 0
904 1001 0
905 1001 0
906 1001 0
907 1001 0
908 1001 0
909 1001 0
910 1001 0
911 1001 0
912 1001 0
913 1001 0
914 1001 0
915 1001 0
916 1001 0
917 1001 0
918 1001 0
919 1001 0
920 1001 0
921 1001 0
922 1001 0
923 1001 0
924 1001 0
925 1001 0
926 1001 0
927 1001 0
928 1001 0
929 1001 0
930 1001 0
931 1001 0
932 1001 0
933 1001 0
934 1001 0
935 1001 0
936 1001 0
937 1001 0
938 1001 0
939 1001 0
940 1001 0
941 1001 0
942 1001 0
943 1001 0
944 1001 0
945 1001 0
946 1001 0
947 1001 0
948 1001 0
949 1001 0
950 1001 0
951 1001 0
952 1001 0
953 1001 0
954 1001 0
955 1001 0
956 1001 0
957 1001 0
958 1001 0
959 1001 0
960 1001 0
961 1001 0
962 1001 0
963 1001 0
964 1001 0
965 1001 0
966 1001 0
967 1001 0
968 1001 0
969 1001 0
970 1001 0
971 1001 0
972 1001 0
973 1001 0
974 1001 0
975 1001 0
976 1001 0
977 1001 0
978 1001 0
979 1001 0
980 1001 0
981 1001 0
982 1001 0
983 1001 0
984 1001 0
985 1001 0
986 1001 0
987 1001 0
988 1001 0
989 1001 0
990 1001 0
991 1001 0
992 1001 0
993 1001 0
994 1001 0
995 1001 0
996 1001 0
997 1001 0
998 1001 0
999 1001 0
1000 1001 0
