802 1 801
801
0 801 0
1 801 0
2 801 0
3 801 0
4 801 0
5 801 0
6 801 0
7 801 0
8 801 0
9 801 0
10 801 0
11 801 0
12 801 0
13 801 0
14 801 0
15 801 0
16 801 0
17 801 0
18 801 0
19 801 0
20 801 0
21 801 0
22 801 0
23 801 0
24 801 0
25 801 0
26 801 0
27 801 0
28 801 0
29 801 0
30 801 0
31 801 0
32 801 0
33 801 0
34 801 0
35 801 0
36 801 0
37 801 0
38 801 0
39 801 0
40 801 0
41 801 0
42 801 0
43 801 0
44 801 0
45 801 0
46 801 0
47 801 0
48 801 0
49 801 0
50 801 0
51 801 0
52 801 0
53 801 0
54 801 0
55 801 0
56 801 0
57 801 0
58 801 0
59 801 0
60 801 0
61 801 0
62 801 0
63 801 0
64 801 0
65 801 0
66 801 0
67 801 0
68 801 0
69 801 0
70 801 0
71 801 0
72 801 0
73 801 0
74 801 0
75 801 0
76 801 0
77 801 0
78 801 0
79 801 0
80 801 0
81 801 0
82 801 0
83 801 0
84 801 0
85 801 0
86 801 0
87 801 0
88 801 0
89 801 0
90 801 0
91 801 0
92 801 0
93 801 0
94 801 0
95 801 0
96 801 0
97 801 0
98 801 0
99 801 0
100 801 0
101 801 0
102 801 0
103 801 0
104 801 0
105 801 0
106 801 0
107 801 0
108 801 0
109 801 0
110 801 0
111 801 0
112 801 0
113 801 0
114 801 0
115 801 0
116 801 0
117 801 0
118 801 0
119 801 0
120 801 0
121 801 0
122 801 0
123 801 0
124 801 0
125 801 0
126 801 0
127 801 0
128 801 0
129 801 0
130 801 0
131 801 0
132 801 0
133 801 0
134 801 0
135 801 0
136 801 0
137 801 0
138 801 0
139 801 0
140 801 0
141 801 0
142 801 0
143 801 0
144 801 0
145 801 0
146 801 0
147 801 0
148 801 0
149 801 0
150 801 0
151 801 0
152 801 0
153 801 0
154 801 0
155 801 0
156 801 0
157 801 0
158 801 0
159 801 0
160 801 0
161 801 0
162 801 0
163 801 0
164 801 0
165 801 0
166 801 0
167 801 0
168 801 0
169 801 0
170 801 0
171 801 0
172 801 0
173 801 0
174 801 0
175 801 0
176 801 0
177 801 0
178 801 0
179 801 0
180 801 0
181 801 0
182 801 0
183 801 0
184 801 0
185 801 0
186 801 0
187 801 0
188 801 0
189 801 0
190 801 0
191 801 0
192 801 0
193 801 0
194 801 0
195 801 0
196 801 0
197 801 0
198 801 0
199 801 0
200 801 0
201 801 0
202 801 0
203 801 0
204 801 0
205 801 0
206 801 0
207 801 0
208 801 0
209 801 0
210 801 0
211 801 0
212 801 0
213 801 0
214 801 0
215 801 0
216 801 0
217 801 0
218 801 0
219 801 0
220 801 0
221 801 0
222 801 0
223 801 0
224 801 0
225 801 0
226 801 0
227 801 0
228 801 0
229 801 0
230 801 0
231 801 0
232 801 0
233 801 0
234 801 0
235 801 0
236 801 0
237 801 0
238 801 0
239 801 0
240 801 0
241 801 0
242 801 0
243 801 0
244 801 0
245 801 0
246 801 0
247 801 0
248 801 0
249 801 0
250 801 0
251 801 0
252 801 0
253 801 0
254 801 0
255 801 0
256 801 0
257 801 0
258 801 0
259 801 0
260 801 0
261 801 0
262 801 0
263 801 0
264 801 0
265 801 0
266 801 0
267 801 0
268 801 0
269 801 0
270 801 0
271 801 0
272 801 0
273 801 0
274 801 0
275 801 0
276 801 0
277 801 0
278 801 0
279 801 0
280 801 0
281 801 0
282 801 0
283 801 0
284 801 0
285 801 0
286 801 0
287 801 0
288 801 0
289 801 0
290 801 0
291 801 0
292 801 0
293 801 0
294 801 0
295 801 0
296 801 0
297 801 0
298 801 0
299 801 0
300 801 0
301 801 0
302 801 0
303 801 0
304 801 0
305 801 0
306 801 0
307 801 0
308 801 0
309 801 0
310 801 0
311 801 0
312 801 0
313 801 0
314 801 0
315 801 0
316 801 0
317 801 0
318 801 0
319 801 0
320 801 0
321 801 0
322 801 0
323 801 0
324 801 0
325 801 0
326 801 0
327 801 0
328 801 0
329 801 0
330 801 0
331 801 0
332 801 0
333 801 0
334 801 0
335 801 0
336 801 0
337 801 0
338 801 0
339 801 0
340 801 0
341 801 0
342 801 0
343 801 0
344 801 0
345 801 0
346 801 0
347 801 0
348 801 0
349 801 0
350 801 0
351 801 0
352 801 0
353 801 0
354 801 0
355 801 0
356 801 0
357 801 0
358 801 0
359 801 0
360 801 0
361 801 0
362 801 0
363 801 0
364 801 0
365 801 0
366 801 0
367 801 0
368 801 0
369 801 0
370 801 0
371 801 0
372 801 0
373 801 0
374 801 0
375 801 0
376 801 0
377 801 0
378 801 0
379 801 0
380 801 0
381 801 0
382 801 0
383 801 0
384 801 0
385 801 0
386 801 0
387 801 0
388 801 0
389 801 0
390 801 0
391 801 0
392 801 0
393 801 0
394 801 0
395 801 0
396 801 0
397 801 0
398 801 0
399 801 0
400 801 0
401 801 0
402 801 0
403 801 0
404 801 0
405 801 0
406 801 0
407 801 0
408 801 0
409 801 0
410 801 0
411 801 0
412 801 0
413 801 0
414 801 0
415 801 0
416 801 0
417 801 0
418 801 0
419 801 0
420 801 0
421 801 0
422 801 0
423 801 0
424 801 0
425 801 0
426 801 0
427 801 0
428 801 0
429 801 0
430 801 0
431 801 0
432 801 0
433 801 0
434 801 0
435 801 0
436 801 0
437 801 0
438 801 0
439 801 0
440 801 0
441 801 0
442 801 0
443 801 0
444 801 0
445 801 0
446 801 0
447 801 0
448 801 0
449 801 0
450 801 0
451 801 0
452 801 0
453 801 0
454 801 0
455 801 0
456 801 0
457 801 0
458 801 0
459 801 0
460 801 0
461 801 0
462 801 0
463 801 0
464 801 0
465 801 0
466 801 0
467 801 0
468 801 0
469 801 0
470 801 0
471 801 0
472 801 0
473 801 0
474 801 0
475 801 0
476 801 0
477 801 0
478 801 0
479 801 0
480 801 0
481 801 0
482 801 0
483 801 0
484 801 0
485 801 0
486 801 0
487 801 0
488 801 0
489 801 0
490 801 0
491 801 0
492 801 0
493 801 0
494 801 0
495 801 0
496 801 0
497 801 0
498 801 0
499 801 0
500 801 0
501 801 0
502 801 0
503 801 0
504 801 0
505 801 0
506 801 0
507 801 0
508 801 0
509 801 0
510 801 0
511 801 0
512 801 0
513 801 0
514 801 0
515 801 0
516 801 0
517 801 0
518 801 0
519 801 0
520 801 0
521 801 0
522 801 0
523 801 0
524 801 0
525 801 0
526 801 0
527 801 0
528 801 0
529 801 0
530 801 0
531 801 0
532 801 0
533 801 0
534 801 0
535 801 0
536 801 0
537 801 0
538 801 0
539 801 0
540 801 0
541 801 0
542 801 0
543 801 0
544 801 0
545 801 0
546 801 0
547 801 0
548 801 0
549 801 0
550 801 0
551 801 0
552 801 0
553 801 0
554 801 0
555 801 0
556 801 0
557 801 0
558 801 0
559 801 0
560 801 0
561 801 0
562 801 0
563 801 0
564 801 0
565 801 0
566 801 0
567 801 0
568 801 0
569 801 0
570 801 0
571 801 0
572 801 0
573 801 0
574 801 0
575 801 0
576 801 0
577 801 0
578 801 0
579 801 0
580 801 0
581 801 0
582 801 0
583 801 0
584 801 0
585 801 0
586 801 0
587 801 0
588 801 0
589 801 0
590 801 0
591 801 0
592 801 0
593 801 0
594 801 0
595 801 0
596 801 0
597 801 0
598 801 0
599 801 0
600 801 0
601 801 0
602 801 0
603 801 0
604 801 0
605 801 0
606 801 0
607 801 0
608 801 0
609 801 0
610 801 0
611 801 0
612 801 0
613 801 0
614 801 0
615 801 0
616 801 0
617 801 0
618 801 0
619 801 0
620 801 0
621 801 0
622 801 0
623 801 0
624 801 0
625 801 0
626 801 0
627 801 0
628 801 0
629 801 0
630 801 0
631 801 0
632 801 0
633 801 0
634 801 0
635 801 0
636 801 0
637 801 0
638 801 0
639 801 0
640 801 0
641 801 0
642 801 0
643 801 0
644 801 0
645 801 0
646 801 0
647 801 0
648 801 0
649 801 0
650 801 0
651 801 0
652 801 0
653 801 0
654 801 0
655 801 0
656 801 0
657 801 0
658 801 0
659 801 0
660 801 0
661 801 0
662 801 0
663 801 0
664 801 0
665 801 0
666 801 0
667 801 0
668 801 0
669 801 0
670 801 0
671 801 0
672 801 0
673 801 0
674 801 0
675 801 0
676 801 0
677 801 0
678 801 0
679 801 0
680 801 0
681 801 0
682 801 0
683 801 0
684 801 0
685 801 0
686 801 0
687 801 0
688 801 0
689 801 0
690 801 0
691 801 0
692 801 0
693 801 0
694 801 0
695 801 0
696 801 0
697 801 0
698 801 0
699 801 0
700 801 0
701 801 0
702 801 0
703 801 0
704 801 0
705 801 0
706 801 0
707 801 0
708 801 0
709 801 0
710 801 0
711 801 0
712 801 0
713 801 0
714 801 0
715 801 0
716 801 0
717 801 0
718 801 0
719 801 0
720 801 0
721 801 0
722 801 0
723 801 0
724 801 0
725 801 0
726 801 0
727 801 0
728 801 0
729 801 0
730 801 0
731 801 0
732 801 0
733 801 0
734 801 0
735 801 0
736 801 0
737 801 0
738 801 0
739 801 0
740 801 0
741 801 0
742 801 0
743 801 0
744 801 0
745 801 0
746 801 0
747 801 0
748 801 0
749 801 0
750 801 0
751 801 0
752 801 0
753 801 0
754 801 0
755 801 0
756 801 0
757 801 0
758 801 0
759 801 0
760 801 0
761 801 0
762 801 0
763 801 0
764 801 0
765 801 0
766 801 0
767 801 0
768 801 0
769 801 0
770 801 0
771 801 0
772 801 0
773 801 0
774 801 0
775 801 0
776 801 0
777 801 0
778 801 0
779 801 0
780 801 0
781 801 0
782 801 0
783 801 0
784 801 0
785 801 0
786 801 0
787 801 0
788 801 0
789 801 0
790 801 0
791 801 0
792 801 0
793 801 0
794 801 0
795 801 0
796 801 0
797 801 0
798 801 0
799 801 0
800 801 0
